74 38
85 52
33 81
73 11
71 59
67 87
86 98
30 48
34 43
52 77
70 67
13 14
84 11
63 35
41 55
76 40
10 61
37 95
68 36
96 21
21 15
81 73
84 100
60 86
9 48
25 47
20 61
80 8
31 61
71 74
10 61
78 38
99 30
38 95
22 71
21 81
18 71
97 46
44 16
33 71
1 88
48 50
87 42
21 83
92 57
10 27
53 60
45 69
88 30
56 71
92 72
4 51
42 19
96 86
81 5
63 25
9 17
71 58
88 31
32 77
84 44
92 12
77 29
48 7
61 60
59 80
41 94
49 42
76 64
59 13
93 87
13 86
74 9
80 43
90 74
25 12
26 52
65 15
43 99
7 89
83 60
47 47
47 14
40 92
44 21
65 51
41 46
91 11
79 8
58 16
54 18
92 66
15 16
74 61
10 2
22 31
54 50
84 66
51 42
13 51
47 82
89 55
4 27
92 16
45 40
16 91
31 32
45 33
54 20
61 42
84 63
80 73
49 95
71 69
16 45
20 92
93 88
9 22
59 65
58 28
68 11
72 50
98 18
8 97
20 25
3 22
69 100
79 7
85 70
2 58
26 23
94 7
61 54
68 84
33 65
48 37
51 100
37 82
50 3
22 60
97 70
41 68
91 28
70 44
53 31
6 39
63 65
81 43
40 8
74 41
83 18
67 45
70 68
23 75
80 11
77 13
44 4
17 81
99 56
50 81
82 11
12 86
92 94
14 98
89 22
99 33
20 16
37 77
47 54
42 21
68 91
78 95
25 89
36 69
67 22
65 70
80 17
46 41
8 91
42 58
81 49
51 63
13 75
31 77
3 6
2 83
17 58
14 35
81 99
39 8
27 89
44 83
22 41
2 21
57 98
55 28
23 48
98 81
22 44
1 77
73 52
11 94
56 84
19 17
24 18
29 42
67 53
99 44
97 48
70 73
15 53
35 32
100 64
48 97
30 94
83 60
95 33
45 22
68 38
15 73
9 76
73 87
30 67
91 28
64 49
8 55
47 24
40 81
36 44
33 28
78 61
98 32
49 64
44 39
66 83
68 58
65 47
45 62
56 82
62 100
55 36
39 21
5 69
48 41
30 88
25 94
97 78
76 79
92 42
81 21
81 79
96 50
60 50
76 20
2 42
38 12
16 74
83 64
36 46
82 62
87 36
89 86
12 68
35 14
84 5
58 11
38 11
98 71
1 50
66 21
88 52
57 64
25 78
95 48
41 38
82 81
54 41
91 98
98 51
73 33
60 39
80 91
85 94
54 38
40 22
82 93
21 47
45 48
6 4
29 73
15 58
72 90
16 2
65 56
28 76
72 19
97 76
16 47
61 36
64 51
2 50
22 99
34 23
4 71
88 20
36 74
75 77
87 65
68 59
73 29
30 86
59 74
10 86
100 64
27 9
4 29
15 2
49 41
14 37
92 99
43 7
100 57
29 31
85 1
47 69
13 84
87 17
81 88
60 59
66 66
2 46
38 82
54 87
28 89
10 72
8 46
14 92
5 64
8 84
1 52
93 95
11 95
8 38
32 70
42 91
48 48
67 38
42 32
96 92
49 16
57 76
8 81
85 76
32 40
68 25
20 16
21 81
65 69
92 72
23 48
29 24
76 8
85 78
76 28
60 18
77 66
52 58
56 92
86 73
63 1
54 9
8 86
24 16
34 17
96 11
10 5
69 12
81 44
85 45
16 2
43 8
68 86
79 52
4 54
79 78
43 98
6 81
50 37
29 67
41 24
67 3
37 75
45 86
59 93
14 51
86 5
9 82
51 26
13 57
84 96
72 28
53 53
83 51
42 31
77 78
80 70
42 29
92 12
53 91
6 27
45 4
59 79
69 44
80 4
23 98
76 35
14 37
71 88
38 89
69 18
11 37
74 46
84 60
15 93
27 82
82 57
10 37
89 14
35 71
12 45
96 97
12 1
24 100
38 68
10 27
57 32
52 13
11 10
78 65
95 78
76 55
47 29
60 13
82 55
1 18
4 73
49 33
4 50
67 89
67 53
68 23
20 95
59 85
47 20
68 38
34 15
15 90
93 89
76 56
24 2
60 89
43 84
53 86
12 92
11 89
97 46
36 35
52 47
33 10
3 41
53 73
17 35
2 44
44 26
25 83
85 39
19 29
80 9
69 25
49 18
99 91
67 17
93 43
31 86
14 22
97 73
26 54
48 96
97 16
56 60
68 77
47 2
20 60
69 18
84 85
5 75
16 71
87 72
44 25
48 58
17 36
14 88
98 60
76 36
9 19
85 83
20 10
80 18
83 89
29 49
43 26
90 64
85 45
60 88
52 55
78 97
99 9
38 90
78 35
67 48
14 75
88 22
90 54
99 28
33 93
8 11
78 37
94 5
39 10
90 45
1 64
11 57
55 79
86 90
93 47
71 80
31 87
15 78
74 6
68 100
5 66
21 12
48 37
23 37
86 73
81 59
37 17
54 79
22 25
72 33
32 96
83 63
85 68
19 15
63 58
35 82
73 11
18 3
2 2
99 54
69 55
65 49
58 69
95 22
43 39
78 35
71 7
50 19
79 8
21 73
34 32
28 9
82 41
14 66
79 9
60 34
76 15
14 5
56 4
70 36
39 94
50 16
45 36
70 18
18 10
68 92
90 42
59 43
22 19
86 23
76 57
25 10
68 65
24 17
80 3
67 83
34 5
34 31
46 97
50 53
17 90
11 16
60 67
56 22
89 13
44 63
13 10
62 2
49 57
63 82
2 72
86 20
27 64
72 6
24 68
18 4
33 4
64 24
27 43
95 11
87 39
1 14
1 61
91 14
26 56
27 64
85 49
79 51
58 43
78 35
16 20
18 34
94 57
74 33
100 39
68 58
59 94
33 71
76 92
44 38
16 37
80 66
50 98
78 36
8 59
91 15
57 90
38 97
3 33
89 63
78 82
83 35
53 49
49 4
63 90
69 17
74 89
19 26
8 10
100 87
65 8
87 50
65 69
86 63
4 22
52 6
51 29
29 61
98 52
87 11
46 92
98 52
33 10
38 50
92 5
7 35
25 60
38 44
84 81
18 57
50 30
9 18
64 94
12 13
58 68
88 1
64 4
11 27
65 78
63 83
29 99
81 33
54 1
52 68
87 78
6 23
97 40
35 62
23 95
86 88
72 68
25 50
50 25
72 46
81 81
52 73
36 1
48 21
67 26
33 4
30 73
2 61
13 13
6 72
56 36
53 63
53 4
69 2
91 47
90 33
33 85
67 3
84 50
90 55
42 75
17 62
32 5
43 50
37 87
63 14
14 51
35 77
56 41
55 40
32 27
27 63
83 4
95 63
7 10
97 15
8 1
40 95
34 78
47 100
13 48
12 28
74 74
98 17
10 50
53 82
45 12
24 69
96 25
59 71
90 78
47 28
60 99
6 86
99 57
48 29
34 24
26 24
4 61
92 54
82 51
30 50
21 82
42 35
15 17
17 92
47 40
63 83
38 46
80 97
84 97
60 50
92 22
41 13
59 98
84 53
81 41
86 1
12 42
19 29
22 59
20 86
14 15
52 49
24 60
96 82
68 54
85 59
22 58
98 6
19 67
54 26
59 30
89 99
60 27
13 75
5 75
56 21
82 48
72 15
67 39
52 74
88 9
1 71
100 64
27 92
93 43
34 41
71 5
66 71
94 97
95 16
61 33
9 96
4 13
26 60
66 27
78 5
72 37
6 24
12 81
2 55
9 99
36 18
81 95
52 86
41 45
52 14
62 82
63 89
88 77
34 47
19 74
40 43
3 10
43 72
48 28
85 55
86 98
88 96
31 78
40 17
11 54
54 51
83 45
70 38
97 37
68 91
2 50
64 28
89 93
76 60
4 69
78 83
69 68
34 68
31 9
59 2
76 4
88 64
44 27
10 56
87 83
44 97
100 31
12 67
100 49
12 80
53 12
80 5
89 97
2 14
33 52
69 18
97 3
86 73
71 75
31 59
39 70
31 53
33 35
43 74
89 30
45 83
43 14
18 19
75 70
64 34
66 20
30 12
26 56
100 21
29 81
82 62
57 75
11 3
100 32
85 95
71 88
82 3
25 71
26 30
43 30
80 48
29 68
67 66
6 58
26 37
61 17
5 59
100 44
17 6
74 65
25 14
16 68
80 62
59 25
95 10
28 17
23 91
99 97
38 2
1 70
48 2
77 64
14 68
89 44
30 16
30 59
25 89
88 9
77 1
82 66
89 34
30 32
47 93
24 81
65 73
5 11
62 50
69 85
51 54
64 7
44 31
89 13
4 75
4 48
30 80
2 93
32 84
70 38
57 64
59 82
70 7
63 97
80 33
30 16
26 81
92 62
40 8
11 71
18 99
8 43
39 83
67 19
52 38
60 23
74 1
69 100
43 32
14 4
31 97
64 42
13 81
61 96
47 87
95 93
88 26
99 56
60 73
99 62
37 85
67 44
33 23
25 13
66 79
88 5
25 65
14 90
22 57
88 57
40 32
17 80
32 56
69 39
94 8
97 61
80 13
52 76
85 68
36 79
29 86
69 31
88 52
97 100
88 18
45 90
78 86
58 79
35 25
100 2
23 58
99 57
67 14
63 63
64 94
89 1
47 55
2 78
94 59
72 24
86 40
91 34
3 22
74 47
49 72
30 23
81 52
82 76
19 79
43 42
85 79
77 92
4 95
23 35
1 70
4 23
18 3
47 57
38 56
28 86
23 11
55 6
82 70
33 85
93 78
88 76
80 53
100 79
16 17
19 85
15 60
65 41
23 23
56 51
91 32
89 14
71 16
96 45
92 75
8 32
39 9
87 57
96 64
97 30
31 3
75 8
26 23
34 92
33 84
51 77
14 10
37 55
75 72
96 38
90 57
45 74
75 9
88 41
63 86
17 61
29 3
30 45
69 69
99 10
84 77
91 18
79 1
87 11
81 99
25 5
3 54
50 46
51 85
90 77
92 41
47 33
90 39
81 63
99 99
89 34
76 27
25 87
6 7
31 100
35 84
4 92
77 23
35 64
85 51
58 8
44 71
84 81
58 33
47 58
50 97
4 52
42 30
57 91
95 46
6 81
48 53
87 45
71 12
25 85
24 17
39 39
61 74
31 58
45 45
41 22
41 3
87 97
76 50
18 34
66 59
48 59
95 68
78 3
61 84
15 47
47 69
78 37
36 31
33 86
91 73
31 76
4 9
55 76
11 23
61 44
83 38
72 85
54 94
40 99
3 61
11 33
36 57
39 62
77 77
37 76
41 48
8 99
23 58
63 10
75 84
97 50
63 94
67 19
64 31
30 95
73 9
18 68
2 73
45 70
73 38
73 9
33 9
57 100
94 15
44 65
97 78
95 3
36 29
92 34
1 51
60 14
59 57
58 90
89 75
76 82
94 52
34 79
9 25
85 18
97 100
2 19
3 81
46 19
47 25
20 81
69 61
29 73
66 49
55 82
73 94
37 41
65 16
98 29
39 76
21 17
97 49
48 60
87 41
35 75
29 55
58 56
40 6
65 54
80 81
9 41
30 93
56 87
87 46
9 7
29 38
56 57
36 54
70 54
71 42
66 74
56 11
91 31
50 66
54 28
70 36
90 1
100 9
84 25
78 42
22 45
13 26
67 59
43 90
94 47
81 35
38 84
58 4
11 27
3 57
65 31
88 88
49 85
91 14
66 82
76 91
98 16
97 61
57 74
27 22
53 94
40 13
39 98
74 32
13 7
36 67
69 96
3 91
72 50
8 15
34 18
96 71
41 8
12 64
88 46
78 66
90 32
68 69
15 71
31 45
6 43
11 20
83 46
29 90
88 38
89 58
11 86
2 72
90 47
26 56
9 48
38 94
19 4
53 64
99 55
35 48
1 24
65 39
22 33
64 13
64 36
35 57
45 32
45 43
29 79
71 36
94 79
29 94
96 2
82 33
54 27
9 97
19 81
95 89
24 10
91 43
76 4
87 65
77 35
87 84
83 23
79 35
11 3
25 9
86 95
73 11
30 29
25 4
87 22
99 70
13 48
37 86
78 51
7 66
67 96
75 82
84 44
14 84
15 9
77 69
57 29
78 69
67 28
3 32
6 68
7 50
10 87
48 60
24 64
1 20
70 49
37 79
3 85
4 88
19 84
57 56
20 31
11 52
98 53
79 63
88 18
13 33
91 60
87 78
78 39
64 87
95 21
17 65
85 66
45 55
27 72
16 71
95 34
89 36
11 30
5 67
44 16
47 30
51 93
62 32
49 53
95 62
77 1
76 53
49 87
29 29
66 81
56 38
8 56
60 5
21 10
49 1
34 83
68 18
51 9
97 73
80 25
28 14
41 71
20 11
92 25
52 54
88 84
92 64
24 56
36 43
28 73
60 40
56 18
100 45
34 57
36 35
93 55
22 79
3 9
74 90
78 71
3 49
70 76
24 10
50 2
98 5
98 64
36 14
11 33
3 31
9 83
35 40
13 83
73 29
2 23
10 64
50 89
40 32
12 82
68 61
68 47
56 80
44 86
26 37
14 85
32 28
68 94
98 61
10 2
9 40
34 11
21 23
56 60
21 93
69 25
85 47
30 82
88 32
13 68
59 79
83 40
45 27
30 90
49 62
24 7
90 91
57 71
41 80
22 39
32 25
58 17
21 24
69 47
68 89
67 72
81 62
10 44
30 58
39 68
88 55
7 47
8 99
44 27
24 67
73 26
95 87
82 38
5 34
85 59
6 55
98 52
86 58
64 89
5 15
28 51
72 7
77 73
19 48
34 61
72 68
84 38
64 49
70 57
81 4
89 77
8 29
55 91
84 65
53 42
91 67
57 92
99 40
69 21
15 62
84 59
71 87
64 30
57 77
10 9
42 13
30 77
80 89
74 66
69 30
24 83
72 49
37 37
55 60
53 3
84 97
81 25
88 15
100 70
25 76
77 86
94 94
35 8
29 9
50 84
48 20
66 4
100 35
9 64
38 60
6 44
15 49
95 29
3 65
50 7
20 54
72 81
63 35
69 1
23 2
4 77
77 88
42 74
24 35
69 41
30 88
15 43
26 81
26 37
83 65
46 99
54 23
54 41
55 75
35 96
66 51
79 74
64 10
57 8
26 63
4 98
61 75
4 80
71 62
95 40
74 67
65 17
79 31
3 46
24 8
50 77
94 42
40 34
29 77
86 30
20 65
90 97
13 75
43 48
100 96
50 27
39 6
87 74
39 93
29 37
9 12
66 9
7 65
15 5
8 39
82 81
52 61
96 57
13 26
70 50
99 91
58 13
58 8
99 64
14 98
58 49
62 20
10 67
5 45
83 67
57 26
36 40
68 9
14 63
73 89
33 30
14 90
80 42
23 47
98 26
84 70
46 78
19 84
19 72
20 10
16 97
76 27
50 35
79 63
27 58
16 8
57 17
63 7
35 50
11 88
88 40
57 69
70 16
63 76
100 18
16 92
79 30
81 46
61 71
60 57
8 46
88 14
69 14
25 24
64 74
12 79
43 3
77 91
66 48
96 88
70 19
58 27
60 63
8 11
83 31
57 85
52 28
12 61
7 1
48 62
67 41
3 56
50 86
53 35
93 89
65 31
20 95
40 18
66 86
37 66
40 75
41 16
16 66
97 19
12 6
8 77
31 71
72 6
99 6
91 7
99 16
71 70
47 76
91 6
70 89
1 10
59 11
20 21
12 50
61 45
38 2
17 60
73 85
60 42
23 89
33 9
94 64
56 89
23 40
4 71
59 20
78 28
9 56
34 42
7 64
77 19
9 68
83 45
60 94
85 89
29 13
81 86
7 65
53 28
59 11
37 25
54 53
30 60
66 5
87 89
61 87
1 5
93 69
18 58
56 6
53 97
94 25
41 49
93 47
38 75
75 19
52 52
27 62
35 30
81 67
83 75
59 27
65 18
92 76
94 40
47 22
14 66
9 58
83 48
66 31
40 41
65 46
36 7
73 79
55 82
78 25
90 84
9 20
58 64
57 5
51 59
75 73
38 86
99 83
9 33
26 68
33 23
62 12
44 12
17 30
97 15
91 75
13 36
6 95
10 65
74 84
29 91
72 83
40 63
35 88
54 93
2 66
10 73
41 19
2 61
34 73
20 79
21 61
82 22
43 79
7 66
72 90
65 15
63 73
87 58
58 70
18 88
78 34
44 59
52 13
61 83
97 23
30 44
19 68
66 68
95 24
79 95
86 6
29 13
63 90
93 19
20 4
65 10
29 71
26 5
15 85
9 77
29 93
18 2
2 27
62 68
3 79
40 3
24 28
58 99
78 42
57 78
76 42
95 91
52 73
59 86
27 4
30 81
51 90
88 95
65 46
68 23
59 87
53 60
40 65
85 98
1 70
23 91
90 84
4 98
38 97
65 100
28 49
8 65
34 82
60 90
10 82
82 69
14 84
97 52
88 68
45 97
86 68
87 29
36 39
88 68
100 93
15 93
93 12
59 7
11 97
70 98
45 98
62 9
77 70
66 24
100 69
37 94
13 34
25 21
59 62
75 9
73 12
25 70
6 97
67 17
6 96
70 60
87 38
6 89
47 6
3 72
17 45
59 15
82 88
65 43
78 86
93 65
22 91
31 19
97 85
13 43
30 62
96 96
60 91
41 51
81 15
68 75
14 79
42 30
16 81
16 31
87 53
34 48
31 68
17 47
27 35
75 39
88 44
29 50
91 23
23 44
26 46
33 71
17 7
13 73
31 89
100 69
54 21
91 41
75 74
79 83
7 19
34 91
39 49
67 17
89 13
12 52
87 10
58 46
47 69
38 16
100 52
90 64
20 90
54 97
87 34
1 44
51 18
67 25
4 49
27 47
29 14
64 31
91 15
79 77
42 22
76 73
23 7
11 6
1 3
45 73
90 2
79 28
43 27
84 67
90 8
70 74
100 96
35 36
91 93
53 56
10 65
19 18
83 13
65 9
52 52
86 26
1 61
93 23
84 50
95 81
30 87
42 87
26 38
13 96
99 77
82 31
34 43
59 5
29 62
6 2
6 37
67 87
23 52
35 39
74 72
74 69
15 5
5 94
42 97
86 44
78 22
51 69
35 43
57 48
92 39
36 73
30 70
38 87
85 49
86 67
56 20
63 34
59 46
1 23
88 7
6 42
21 49
64 60
13 33
99 72
69 59
41 57
37 12
21 61
7 51
68 22
15 34
33 83
99 22
24 53
13 82
57 62
43 68
38 74
3 93
74 32
7 94
20 79
46 63
99 82
32 18
59 5
74 31
56 25
65 38
81 89
73 14
91 78
49 57
71 72
85 12
6 94
47 17
20 52
82 37
88 90
28 7
81 100
34 42
35 40
41 94
28 83
63 6
57 100
2 20
45 2
77 93
80 52
57 90
43 38
81 60
4 97
52 69
76 82
66 39
76 12
6 84
40 75
88 38
37 5
55 19
91 95
4 80
82 43
88 40
68 53
46 67
95 83
56 48
62 77
51 42
46 24
25 34
3 93
59 2
13 45
20 16
88 5
37 34
30 3
20 88
91 3
94 43
9 99
75 53
13 63
41 80
45 2
58 27
24 16
25 71
95 4
96 30
66 70
77 54
74 40
59 16
24 10
80 10
58 66
42 50
48 41
99 64
41 36
52 44
19 78
82 91
65 38
44 46
36 51
79 24
32 98
94 67
59 84
33 11
86 8
77 6
35 95
26 79
99 23
79 91
25 65
25 93
66 38
11 39
22 24
61 1
83 56
48 14
8 55
88 23
5 85
23 74
58 65
97 87
49 58
4 7
92 50
31 10
41 33
6 49
68 56
51 56
74 31
59 55
96 4
90 44
23 93
16 44
85 75
29 3
88 47
79 17
21 25
11 96
32 56
24 76
66 65
90 37
87 43
27 20
29 34
90 45
85 31
49 95
32 4
77 76
81 24
15 19
92 69
22 10
82 72
54 81
20 57
86 72
33 16
9 65
64 3
45 42
93 4
6 4
27 49
42 76
18 67
81 64
70 48
91 25
63 88
7 87
54 21
90 98
56 42
85 73
42 17
23 100
25 84
26 73
54 62
28 10
96 18
69 32
69 48
55 60
15 11
52 15
40 69
27 30
64 48
58 24
13 5
27 54
83 79
74 37
73 47
46 34
40 58
62 36
51 6
89 43
74 84
85 40
98 33
64 33
1 35
57 26
19 83
74 60
73 69
69 53
97 96
80 49
41 70
32 79
26 14
78 46
80 88
85 38
97 28
74 42
7 39
1 80
74 19
47 11
97 2
28 11
84 16
28 34
90 44
12 61
56 83
46 90
1 7
29 77
87 60
37 9
91 32
99 48
48 32
11 50
25 97
51 26
79 8
55 9
9 34
90 43
15 79
92 38
6 61
80 22
70 19
40 62
55 54
18 25
92 32
34 61
24 75
65 42
7 20
68 78
21 1
9 80
29 52
53 31
93 5
63 32
96 46
11 10
4 16
15 60
37 13
23 8
62 28
87 68
74 24
84 86
46 41
6 88
37 71
44 55
31 1
21 59
95 41
88 36
11 36
6 39
33 88
30 68
3 84
60 3
70 40
58 56
4 54
8 47
63 96
50 40
53 43
59 52
49 83
44 4
42 28
94 33
43 25
44 61
79 6
48 7
34 79
20 25
79 7
100 98
11 35
34 66
85 64
73 86
20 46
66 87
35 81
75 51
11 43
33 49
22 96
41 40
85 71
74 40
55 10
21 40
69 19
29 15
29 68
10 33
55 48
7 40
20 87
71 88
69 16
64 78
24 24
53 19
61 30
98 57
84 1
4 6
5 98
11 89
76 58
14 57
14 34
2 59
31 69
23 72
25 38
86 35
17 31
20 92
81 93
9 48
14 61
5 51
39 42
63 64
89 12
19 23
72 32
89 53
34 29
2 59
39 86
18 52
93 61
3 65
45 16
2 94
25 38
35 95
71 40
41 62
62 72
46 82
23 89
80 77
59 97
30 98
19 28
53 74
13 26
22 76
37 38
6 54
97 83
67 18
17 99
11 49
86 55
78 87
74 11
28 27
69 10
91 68
26 83
59 56
99 41
52 20
89 57
32 33
79 18
60 29
78 53
74 36
53 45
17 81
49 16
61 48
92 8
90 42
62 57
11 30
44 95
25 26
49 19
26 45
77 1
35 67
64 80
45 80
19 29
59 4
53 45
14 94
88 66
27 18
84 40
89 45
5 44
35 44
13 25
8 52
73 25
63 60
8 50
42 48
40 33
89 24
8 94
60 100
53 66
85 62
97 13
54 88
36 12
91 60
61 31
75 94
5 54
81 5
23 85
57 52
4 83
19 6
83 11
50 7
75 54
45 98
87 72
98 95
59 95
36 82
22 76
63 17
51 23
45 53
68 25
59 16
99 76
12 37
66 27
41 73
14 83
42 8
92 37
28 11
25 92
64 81
70 22
15 19
18 70
34 56
54 68
88 9
77 80
97 73
90 100
29 97
94 9
1 42
27 12
21 27
21 5
59 25
35 15
16 71
9 33
20 91
39 25
27 10
90 63
85 91
73 100
17 59
36 56
41 39
91 88
29 47
33 72
34 6
55 56
89 26
66 89
33 97
66 99
28 11
23 1
49 2
81 88
85 16
94 51
67 72
38 74
11 16
8 2
57 49
56 97
35 47
24 18
90 6
90 43
93 49
22 69
20 42
28 12
19 3
21 27
11 68
95 70
67 29
30 71
83 37
76 45
89 38
55 4
38 83
53 97
20 3
72 12
83 76
80 35
44 64
6 53
96 23
46 92
38 18
15 94
97 82
73 94
36 87
91 30
7 14
42 88
57 2
54 14
18 95
16 47
27 28
31 30
99 58
51 44
4 35
7 89
70 92
82 22
60 91
36 54
89 22
93 66
53 48
46 59
56 55
63 18
41 94
14 1
59 51
22 81
88 73
54 10
99 100
22 94
56 57
54 34
1 84
94 93
67 55
62 39
57 73
67 41
37 10
70 9
1 17
87 80
19 35
100 14
71 6
31 98
25 74
45 67
47 74
45 58
100 86
77 9
38 24
87 28
69 69
14 33
44 25
90 5
100 6
89 93
31 64
92 70
78 37
73 49
58 95
99 65
92 78
71 98
39 80
99 10
65 74
28 58
29 77
87 72
40 76
66 78
15 96
5 70
96 58
3 15
18 43
86 10
54 14
15 6
56 9
27 41
30 41
91 36
55 100
55 49
59 19
1 71
14 49
86 9
70 89
29 39
9 47
91 69
11 90
55 1
43 40
79 23
40 31
47 91
79 82
48 59
80 55
39 70
45 32
31 52
97 63
13 59
96 58
42 9
22 43
62 19
47 28
75 49
14 78
8 83
81 44
39 44
68 74
53 52
15 15
56 83
17 59
13 20
74 25
56 47
92 91
76 35
34 26
55 31
9 37
50 71
64 29
17 98
98 86
13 57
21 64
58 74
41 29
59 38
57 90
59 23
29 33
1 27
1 76
72 65
92 97
81 25
25 45
16 38
14 43
57 65
86 7
43 49
21 42
5 29
85 59
29 29
16 38
9 73
95 24
28 34
36 68
77 43
47 61
58 63
6 71
56 91
55 63
76 83
50 77
45 12
55 31
61 41
13 60
69 94
92 70
8 44
89 65
42 34
7 40
42 63
68 80
77 21
32 48
98 9
32 54
66 80
59 67
62 58
49 30
47 5
90 77
81 17
2 16
84 69
40 74
51 12
100 90
22 41
8 42
35 43
39 9
23 89
4 90
58 98
100 88
44 68
43 37
93 98
39 98
40 30
67 16
87 3
15 95
26 44
35 18
93 21
17 55
38 39
95 48
56 63
9 87
96 5
99 70
46 15
70 26
80 95
40 13
97 84
93 73
85 58
22 7
94 67
61 84
30 62
59 90
12 46
97 26
100 14
27 92
51 51
36 65
74 85
26 9
77 23
93 43
67 14
1 41
80 88
65 94
19 26
45 19
30 22
60 45
18 61
54 44
39 44
88 53
88 84
58 40
75 72
11 38
100 46
59 40
2 50
97 3
53 2
29 71
98 89
97 69
16 46
33 34
56 80
15 80
24 52
55 7
83 38
21 64
80 56
45 93
63 67
39 66
84 3
10 10
20 29
84 25
89 11
4 56
29 72
84 41
80 48
26 1
81 14
100 48
3 21
63 79
17 8
72 55
61 5
40 93
44 79
70 93
28 30
2 8
34 12
33 81
90 70
6 47
61 80
3 83
61 49
40 71
31 29
58 83
30 56
36 39
42 63
47 94
31 81
48 9
63 83
74 83
49 84
20 91
31 68
88 51
51 87
60 40
89 37
29 45
4 75
34 97
26 89
78 27
89 46
89 80
92 55
28 15
21 59
51 48
84 66
91 39
59 85
68 82
87 62
25 10
31 52
61 5
32 53
100 72
58 42
98 28
9 46
55 86
34 35
72 55
90 9
53 47
46 29
96 57
77 18
93 28
56 41
2 5
73 2
92 81
30 24
3 29
54 1
90 51
47 56
47 82
6 59
90 20
1 8
67 86
20 38
89 25
53 39
100 93
43 73
7 27
93 18
55 83
15 12
74 42
90 65
95 56
37 94
25 17
46 82
30 16
94 46
42 41
100 10
20 27
24 22
36 85
35 82
98 87
96 95
22 71
87 47
29 1
69 11
87 70
35 79
89 60
96 13
20 58
4 86
86 97
10 89
16 80
44 13
66 64
82 81
27 95
28 54
16 70
4 62
47 92
55 98
6 52
2 69
34 6
72 38
13 87
43 70
87 47
72 47
48 66
75 60
49 45
2 6
85 42
61 86
50 42
57 9
68 62
5 24
69 56
78 7
38 39
50 44
96 66
39 20
95 10
93 38
95 1
1 63
83 93
39 72
15 88
27 14
85 18
47 15
80 93
93 70
56 59
38 80
100 61
94 3
76 67
34 8
41 88
78 52
19 59
88 33
67 78
48 22
58 38
18 62
36 48
89 4
20 14
65 66
94 37
19 42
90 9
80 50
9 5
19 39
57 5
39 63
74 37
68 12
78 44
24 68
72 93
66 28
73 1
70 74
83 41
31 15
23 1
29 63
88 1
77 90
20 90
72 82
75 68
3 98
94 48
55 95
5 13
27 93
84 75
9 100
10 97
11 71
83 2
27 1
81 98
37 10
53 35
51 60
19 20
33 30
45 20
46 89
87 6
43 22
8 88
50 88
28 78
38 62
75 32
69 2
61 34
49 7
59 55
20 19
93 52
2 30
28 98
53 15
13 83
75 40
62 52
81 73
61 31
23 43
23 76
67 59
43 89
63 56
99 26
7 37
94 36
58 20
30 45
8 25
84 25
92 75
18 76
2 40
8 84
12 76
10 77
12 52
49 21
26 38
56 88
20 76
57 52
9 61
96 86
98 59
43 34
58 95
7 95
33 97
10 42
48 19
41 71
82 76
75 36
54 38
39 74
19 85
27 65
100 16
94 72
21 41
39 85
1 100
46 42
39 36
14 20
38 37
47 62
32 53
58 13
90 42
15 79
12 99
55 78
5 19
51 51
28 14
63 98
54 25
50 72
2 100
41 14
60 34
17 43
38 85
74 81
16 70
74 60
88 8
98 7
97 4
47 99
84 47
12 6
7 15
84 41
19 59
86 96
85 46
63 37
89 33
42 11
7 52
93 31
53 22
24 49
17 12
60 89
99 88
58 88
90 14
75 29
71 95
86 19
53 80
52 97
55 5
87 51
7 15
78 42
61 34
36 43
3 19
84 16
38 77
80 96
61 34
72 49
20 81
16 42
36 81
44 33
89 33
8 29
24 90
25 65
14 60
83 41
93 37
43 41
45 2
62 99
46 95
82 36
44 41
61 42
70 30
24 55
95 68
78 86
67 82
17 34
66 68
84 40
58 81
14 86
49 42
33 8
99 80
71 90
1 54
45 33
92 76
32 31
90 48
45 5
74 95
99 15
51 45
36 11
97 68
68 69
56 26
93 79
14 83
56 71
37 18
99 50
36 6
67 91
76 95
28 15
86 4
3 32
19 1
38 10
48 91
66 98
59 6
18 13
42 94
19 4
7 15
96 98
35 43
50 93
35 86
23 86
39 87
88 3
37 62
35 66
42 36
24 47
99 18
86 56
7 46
96 5
87 18
15 99
26 14
61 93
65 17
100 8
38 58
98 46
53 41
43 86
79 99
49 18
67 18
24 99
93 2
46 52
64 51
45 48
3 48
71 1
80 39
32 9
17 2
10 100
95 6
85 26
23 14
10 71
98 81
26 43
52 100
86 51
44 90
9 21
100 77
72 31
11 54
74 95
46 7
16 6
79 76
26 50
6 11
26 64
82 5
96 38
36 78
92 5
14 30
80 75
43 5
17 87
1 84
11 88
23 29
71 27
65 61
5 35
88 64
78 83
22 4
79 39
93 45
27 43
78 25
98 73
66 36
14 99
12 38
14 84
18 64
52 23
29 51
67 100
33 11
37 39
2 15
27 51
7 13
47 23
21 41
78 59
91 45
62 29
55 80
49 25
58 39
26 18
67 59
31 14
33 28
32 41
58 26
99 20
26 98
33 64
41 35
44 21
16 45
18 64
22 89
100 33
42 23
86 93
51 53
26 51
49 65
47 60
38 44
60 8
95 84
89 79
23 50
61 92
32 16
29 25
85 35
84 71
68 52
80 95
41 17
52 37
71 37
25 24
10 35
18 51
60 26
74 78
99 16
33 52
95 78
100 86
36 40
97 84
95 98
47 28
10 22
16 36
92 63
31 61
86 41
88 99
34 81
41 32
18 79
72 87
97 83
58 90
47 77
38 59
19 5
51 61
12 97
2 94
33 64
24 24
98 35
22 78
26 77
98 37
6 45
28 35
94 90
57 2
6 42
84 28
100 84
13 89
85 18
99 1
84 36
17 96
90 69
85 28
10 46
80 54
13 100
32 71
6 61
38 20
18 15
50 71
94 52
45 36
83 17
3 93
31 38
81 86
26 82
45 63
64 88
7 6
97 84
82 56
21 90
71 67
33 63
25 77
61 62
82 55
8 14
85 80
97 72
13 64
15 72
13 81
95 38
28 5
36 27
18 88
91 46
44 63
20 8
9 45
57 99
17 25
78 45
90 56
29 36
1 32
15 17
6 22
6 6
83 100
56 12
58 49
36 65
40 21
64 88
69 88
71 58
34 22
27 33
38 21
49 71
84 18
4 50
47 100
71 98
31 94
31 2
87 99
5 86
64 84
63 64
85 60
57 66
72 15
70 91
52 89
40 17
66 76
36 59
37 13
61 63
61 87
52 54
72 4
48 54
11 20
67 84
11 67
36 86
95 35
39 83
100 54
50 54
4 92
21 47
15 36
44 84
12 7
91 8
46 46
47 14
38 62
71 11
4 21
61 55
28 74
82 25
55 51
27 94
14 78
9 12
26 86
24 79
89 47
4 92
56 53
16 16
85 69
90 35
99 12
14 9
15 20
59 21
1 29
19 88
36 72
42 64
58 62
33 70
47 90
27 49
52 27
69 76
23 29
18 58
1 42
81 56
59 90
50 94
57 46
70 57
96 12
71 68
38 4
71 18
35 17
12 16
94 50
16 20
9 91
34 41
29 95
77 39
21 59
83 21
20 9
60 93
21 25
100 44
3 64
6 83
61 67
63 45
47 18
3 39
58 97
98 96
1 25
17 72
84 68
34 30
25 67
65 20
17 72
77 96
92 11
67 65
84 76
96 8
51 65
73 60
79 90
50 54
81 6
83 5
25 48
27 73
17 78
30 70
88 4
70 52
58 16
84 32
61 76
11 33
21 45
1 48
67 67
82 69
74 53
86 23
76 27
70 50
80 85
93 74
59 1
95 87
24 71
86 19
35 92
25 96
10 17
29 39
11 90
34 43
88 59
6 18
60 61
20 84
5 100
31 38
14 7
16 66
19 5
70 71
7 11
32 64
81 54
64 36
22 50
30 69
10 27
19 81
21 3
83 85
24 24
17 32
60 27
81 77
83 97
58 65
4 13
82 90
3 75
78 81
37 63
38 91
29 9
69 10
100 64
45 47
79 92
21 65
94 56
50 20
27 35
48 46
75 11
69 10
20 72
43 84
48 10
82 73
80 97
64 35
25 84
44 51
79 56
49 84
72 91
4 55
3 20
94 33
60 40
71 84
47 89
96 58
38 98
63 98
68 32
44 25
80 100
66 100
83 49
4 71
5 18
1 25
40 95
22 13
22 68
46 24
8 43
39 55
84 96
99 40
73 97
85 52
7 7
9 80
48 42
53 76
29 87
18 27
6 84
55 9
17 56
8 25
72 65
73 95
13 66
24 85
18 21
92 92
41 65
95 1
45 55
34 56
5 78
48 45
72 88
13 14
91 91
44 73
7 96
34 65
18 70
52 78
95 10
67 88
40 58
87 88
16 84
10 3
85 93
29 15
55 54
83 92
77 25
29 6
28 54
87 95
42 92
85 83
9 50
83 90
16 3
65 57
45 6
49 9
8 2
19 93
79 70
87 7
38 3
53 13
56 5
30 79
58 14
69 47
68 5
41 48
42 44
29 40
22 8
15 6
75 1
89 22
39 40
76 98
24 63
87 37
51 93
29 50
58 46
66 76
55 13
75 83
82 79
90 93
44 87
72 61
73 44
26 100
71 45
34 34
75 44
51 12
11 68
78 44
61 59
55 24
63 64
87 18
55 46
11 19
49 54
48 79
51 53
68 73
88 8
78 28
56 39
49 84
51 32
7 32
8 18
32 100
56 86
75 15
70 36
1 47
53 61
7 100
44 71
34 46
42 2
22 54
59 74
65 90
49 61
78 24
66 18
36 68
37 21
73 36
30 5
21 90
72 76
73 68
81 43
56 39
24 37
15 64
27 100
68 54
98 9
49 30
24 47
97 39
54 91
8 83
92 70
79 45
1 44
75 95
82 36
18 27
67 44
69 8
64 33
40 84
93 78
15 67
29 22
22 87
28 27
12 90
40 74
31 35
40 52
3 64
54 82
20 40
79 56
65 40
100 46
78 44
7 43
64 51
86 21
99 62
51 74
13 97
45 26
54 63
66 100
82 97
98 5
42 24
445 426
480 456
444 464
410 446
477 473
412 455
420 468
437 469
405 413
459 431
434 467
458 494
469 427
431 451
410 474
460 495
480 456
482 425
426 410
430 407
475 485
439 460
475 404
473 472
492 468
442 496
499 410
461 459
449 469
468 457
408 408
444 412
411 454
488 472
464 408
450 419
495 411
425 421
400 443
424 420
496 443
466 447
430 498
426 408
483 409
476 459
486 430
489 421
414 480
471 474
424 424
405 471
461 431
422 438
456 461
419 489
416 426
422 497
473 443
464 460
471 403
479 446
471 418
448 413
449 482
443 450
405 456
421 477
418 477
425 488
435 406
442 416
436 425
443 441
441 464
480 427
462 459
440 417
486 485
472 401
424 463
491 464
467 441
478 419
488 469
498 494
498 461
436 432
456 403
468 415
415 451
433 454
422 441
432 484
493 451
463 435
427 477
408 428
406 419
485 401
444 479
486 488
499 411
433 462
488 441
446 468
437 458
444 444
432 496
498 436
479 435
417 450
466 466
497 463
450 465
470 458
475 498
405 483
495 480
459 425
432 439
433 495
452 482
420 494
421 493
459 407
436 463
419 419
461 491
431 468
459 493
456 418
419 407
442 470
443 460
459 405
465 453
488 400
437 419
494 430
403 488
406 444
416 429
481 432
416 431
493 488
457 417
452 405
498 434
462 481
430 479
408 478
449 423
415 468
499 404
458 442
404 421
476 436
407 462
434 451
484 456
408 478
436 490
429 439
410 467
468 497
407 404
432 417
461 476
491 458
477 407
423 446
402 456
441 485
430 430
402 460
431 484
403 406
452 468
412 465
477 441
405 409
464 469
451 485
494 425
468 478
413 434
429 484
455 472
416 438
467 437
435 473
410 456
419 416
493 475
416 495
430 417
492 453
448 412
442 446
422 406
469 413
478 462
437 430
406 470
490 419
471 423
439 432
454 468
400 401
484 438
486 427
452 404
422 442
411 442
441 489
403 403
427 490
476 471
435 451
411 470
494 433
491 427
474 473
409 496
429 492
475 490
450 495
409 432
427 434
400 471
471 497
443 456
414 485
475 477
431 476
441 416
497 491
441 466
429 494
441 476
403 405
451 432
463 458
480 485
482 436
433 410
481 450
464 492
409 482
479 499
459 460
454 464
442 489
403 488
479 457
497 491
485 465
401 434
405 437
429 401
467 425
421 413
410 453
437 425
400 414
420 427
478 455
485 430
450 496
423 413
430 445
469 482
452 439
404 436
414 447
400 402
472 431
413 466
455 477
413 417
448 420
434 419
434 409
422 413
445 495
447 461
435 479
404 441
483 475
479 452
415 432
421 466
458 489
483 426
403 482
498 457
421 421
417 436
435 495
465 466
426 410
485 459
448 466
460 480
403 466
440 424
427 496
400 487
496 483
444 421
499 496
407 481
462 447
469 478
479 448
499 429
433 450
415 400
405 446
448 499
472 483
434 437
424 408
466 450
496 474
404 478
479 436
440 416
488 408
418 412
415 401
490 494
448 462
412 484
473 420
424 481
461 406
440 479
438 427
421 454
406 433
408 467
466 485
413 440
487 460
429 412
458 444
419 472
456 442
416 479
437 414
496 432
414 495
404 406
494 410
426 493
455 445
426 454
413 484
458 451
458 434
460 416
473 499
419 465
456 462
403 489
445 487
452 442
449 491
437 410
404 475
418 437
475 404
467 448
459 404
488 466
473 474
441 469
423 414
468 455
414 439
477 421
464 456
465 424
423 441
415 418
439 468
451 419
469 484
436 457
401 409
497 457
409 468
462 419
454 463
464 483
474 404
410 421
486 499
485 473
403 406
414 400
428 429
431 451
418 437
436 493
494 427
498 479
454 448
417 418
406 420
449 473
421 462
438 499
465 491
485 475
463 493
407 454
422 492
472 437
445 457
470 471
419 447
419 414
467 463
461 449
412 485
485 436
411 400
465 476
438 468
482 400
415 418
468 489
498 423
480 428
443 454
476 477
443 484
469 488
449 433
417 405
460 416
478 470
411 446
459 435
472 495
442 437
448 409
402 476
487 413
469 470
447 479
453 433
428 482
470 486
475 460
407 446
493 403
490 425
458 408
489 402
488 495
415 498
422 443
481 429
450 447
473 485
466 429
469 428
423 482
400 444
426 422
486 400
448 465
460 406
499 475
417 403
401 488
467 479
408 435
442 462
467 408
407 490
452 447
455 426
438 483
413 485
425 478
474 435
420 479
476 405
487 410
413 400
413 423
444 496
447 481
487 492
441 436
467 485
428 453
409 490
405 481
415 487
401 497
487 419
490 452
410 462
417 421
403 459
416 443
444 484
490 426
450 475
437 472
433 457
491 443
430 454
411 401
493 444
494 490
477 459
401 484
450 476
490 497
421 480
431 452
477 432
494 453
465 467
474 478
433 412
412 430
447 456
405 494
483 473
479 485
428 428
418 408
464 465
450 469
493 473
466 482
406 452
458 426
466 495
429 485
411 476
472 433
418 469
491 472
404 442
441 482
488 474
497 478
440 495
476 413
449 444
452 462
439 436
419 422
416 489
469 410
427 430
490 453
440 469
428 443
490 407
407 466
437 477
417 448
442 491
460 454
448 439
414 480
436 436
425 460
446 483
455 407
489 474
459 433
405 471
436 412
460 476
410 428
492 456
415 434
422 428
499 454
414 472
431 418
437 483
495 440
454 414
466 451
422 424
414 461
406 425
424 474
410 444
489 472
495 433
486 443
445 404
465 428
406 460
476 422
466 435
489 470
467 486
443 450
432 487
497 437
465 481
460 458
489 424
493 447
460 498
447 411
457 497
438 497
414 426
409 499
463 498
477 407
445 411
418 405
440 456
421 442
439 464
431 415
427 420
410 480
461 412
441 470
423 481
432 495
429 460
417 449
448 401
464 482
416 400
442 479
419 443
412 431
485 466
454 493
469 420
467 411
476 407
401 481
488 406
478 469
471 456
408 469
458 491
469 408
404 402
496 460
487 444
466 472
422 451
432 404
479 428
468 489
479 415
451 431
446 448
442 476
493 479
483 450
479 402
414 472
401 469
447 469
482 447
486 445
437 446
430 453
498 407
490 441
444 407
470 404
443 405
464 414
449 461
402 445
480 420
495 442
464 457
488 485
455 488
417 407
448 425
400 439
420 470
417 475
478 424
430 477
434 488
462 402
456 406
476 464
410 454
417 430
479 490
402 484
469 490
411 462
442 490
417 422
486 417
440 476
416 475
429 420
463 432
453 461
466 453
446 453
403 464
492 493
403 463
498 435
478 466
495 420
499 450
450 427
421 468
424 471
400 473
448 404
453 458
472 497
428 480
408 480
441 494
439 466
425 410
440 469
445 480
433 411
471 448
422 437
496 463
409 436
497 401
402 454
410 474
452 421
456 465
449 443
454 480
451 429
459 493
415 478
450 448
402 402
437 434
417 496
434 461
474 455
443 478
421 464
489 472
472 493
400 457
477 436
488 405
427 407
459 421
404 450
489 474
414 410
480 490
441 481
473 476
439 493
438 427
465 481
426 499
418 418
438 444
497 446
406 410
408 467
443 434
442 402
474 413
492 426
477 406
424 422
432 438
401 457
482 473
447 422
409 456
446 479
416 445
433 490
484 487
477 425
425 439
490 409
433 478
465 422
473 436
418 454
447 468
492 468
475 444
443 426
406 496
425 400
477 454
400 443
450 448
487 474
487 454
499 412
474 429
436 414
412 441
404 498
402 438
423 457
414 408
480 461
402 456
459 421
432 465
439 445
412 425
470 449
411 493
478 473
457 450
482 463
438 452
414 476
429 471
443 432
461 497
478 459
427 499
431 459
459 411
413 428
494 469
493 466
476 409
426 459
423 477
487 408
460 435
443 435
412 481
476 449
481 482
483 413
498 468
494 442
429 492
443 457
404 454
468 486
426 426
432 423
426 497
442 465
416 424
471 484
415 430
484 441
467 472
429 410
479 462
443 408
450 412
409 419
430 402
481 411
473 403
444 415
407 456
447 463
448 428
476 457
418 439
442 483
445 411
408 462
419 466
415 475
494 446
446 467
444 490
421 460
425 470
497 450
455 444
408 409
458 423
419 425
417 444
460 431
477 415
437 450
476 420
454 406
401 471
478 412
466 485
491 426
426 457
456 400
436 414
470 487
488 485
423 477
456 468
491 486
417 432
423 441
464 416
407 473
439 468
458 430
465 469
493 483
416 401
436 402
440 497
424 426
472 497
434 403
464 457
462 491
427 449
495 403
410 430
434 497
412 486
426 453
427 480
475 446
403 442
482 451
466 451
427 469
412 412
420 486
447 473
406 438
494 424
409 465
421 493
400 441
457 448
481 450
417 475
494 411
424 452
461 407
429 414
418 400
411 419
442 470
435 401
466 459
406 483
444 414
491 491
445 478
404 441
444 408
420 430
410 419
417 410
462 454
499 415
471 484
401 440
484 428
462 409
423 435
483 423
469 466
491 494
412 494
454 424
495 483
466 441
458 421
419 465
469 409
455 402
402 427
414 471
421 459
458 488
432 457
412 407
475 469
445 491
458 423
440 462
436 424
437 460
415 481
467 401
417 447
461 407
436 420
482 410
486 427
421 448
426 426
447 477
483 428
425 493
474 405
492 487
498 470
428 454
496 472
427 438
439 473
497 418
405 424
469 423
434 457
445 483
405 489
403 499
433 446
451 466
465 494
440 435
495 429
419 412
462 449
469 468
450 418
423 474
412 417
403 484
410 463
429 478
416 470
465 486
488 452
491 456
471 424
478 410
472 465
469 478
440 472
456 451
499 442
451 468
438 454
480 495
421 496
493 433
476 441
479 482
472 469
433 436
407 471
436 455
460 439
424 480
439 454
487 482
417 433
441 449
403 467
460 436
460 429
405 472
444 483
462 435
466 417
409 426
498 489
473 447
448 474
407 434
471 414
428 430
497 444
401 446
497 433
403 453
479 464
481 435
421 487
426 465
438 444
435 470
475 412
481 470
451 487
494 407
455 484
438 431
486 450
456 446
491 443
434 497
453 432
453 417
478 426
452 423
483 459
479 432
407 483
483 440
474 421
441 421
451 473
449 457
494 492
444 456
459 494
443 451
451 494
469 467
400 414
482 470
454 497
486 423
441 495
473 413
444 416
420 418
429 435
421 452
482 404
454 467
450 400
488 408
460 468
493 485
470 413
462 434
459 458
454 448
430 479
470 444
482 408
420 491
462 473
478 459
404 448
459 456
487 483
455 424
497 405
405 427
422 427
498 443
428 435
461 463
465 415
498 431
496 426
443 455
401 496
448 432
440 416
477 491
498 447
434 431
465 478
498 433
489 406
468 433
456 483
401 408
415 459
410 400
453 461
410 444
400 458
455 485
489 490
446 488
457 434
443 424
461 497
482 462
481 480
410 407
421 450
420 411
488 448
492 420
446 497
422 412
491 462
487 474
448 488
481 418
474 438
436 440
405 457
418 463
450 420
466 471
496 481
441 419
463 461
493 495
486 483
461 464
479 420
468 493
497 481
417 475
433 494
496 452
472 422
415 436
419 411
439 403
440 415
407 401
465 491
401 464
482 426
497 464
408 421
487 401
411 442
404 465
495 483
407 465
462 481
427 433
421 416
401 448
442 452
440 477
489 404
497 437
461 430
408 488
429 400
462 497
454 466
405 489
460 428
485 494
404 417
464 462
464 475
420 489
477 489
415 455
472 418
495 460
412 428
460 404
471 438
479 450
483 413
468 462
467 469
478 418
410 442
445 447
491 441
400 480
478 480
452 427
425 425
445 414
411 411
431 431
465 425
456 428
442 440
489 490
496 418
498 452
487 496
441 435
422 476
473 475
472 412
487 409
433 427
425 454
493 499
451 474
420 463
411 407
402 457
480 459
441 404
493 421
432 416
406 427
422 490
407 468
440 430
476 464
488 474
449 434
483 477
431 461
483 435
458 430
456 447
469 483
491 462
407 445
465 466
443 439
423 403
434 452
454 476
451 481
489 425
492 413
496 488
431 468
443 498
415 411
455 443
496 456
421 445
484 488
497 400
468 411
468 446
450 494
409 485
432 400
476 421
465 486
441 436
459 463
464 491
461 432
408 483
489 495
405 443
400 410
464 440
449 434
442 427
456 461
462 421
484 477
431 477
478 450
413 457
439 429
481 494
408 482
415 458
488 467
427 499
464 478
491 433
466 454
432 402
442 492
488 477
421 427
471 453
438 441
401 444
479 472
470 400
436 481
463 460
418 430
448 426
482 462
462 456
419 401
403 436
473 461
488 440
444 448
431 458
453 430
416 488
467 414
453 416
420 424
432 406
413 458
464 454
496 468
416 411
420 428
463 472
442 446
457 491
430 426
409 407
427 491
495 406
475 436
451 422
407 473
463 407
499 412
450 490
476 405
486 464
433 439
487 466
407 459
476 472
409 498
481 428
432 434
430 444
456 401
499 414
402 458
416 439
410 444
451 418
460 452
491 475
403 489
496 419
462 486
485 457
459 424
468 497
472 408
404 445
480 459
403 433
482 484
474 403
432 418
454 402
450 491
412 467
488 492
449 474
494 482
483 410
406 479
458 467
483 461
458 474
464 448
475 458
451 455
450 462
467 457
456 415
484 408
453 420
465 442
415 423
462 466
422 425
460 465
482 465
402 481
459 465
445 457
404 489
449 447
476 476
465 403
424 445
429 456
437 414
495 424
433 431
420 435
415 460
412 496
448 467
459 492
460 441
401 498
486 431
449 403
443 462
457 482
435 486
485 427
485 454
481 474
488 412
455 417
434 430
402 477
434 426
455 417
440 490
466 499
488 435
417 405
463 471
427 407
405 448
484 417
436 475
482 416
467 425
419 480
403 480
485 400
462 473
491 489
472 493
422 412
487 466
426 471
477 443
471 414
457 418
490 490
490 405
468 425
467 435
400 423
472 485
435 473
424 484
461 472
416 424
463 436
466 462
477 422
481 482
401 422
424 461
435 477
437 468
462 430
492 492
414 455
484 413
471 427
489 480
431 402
487 458
436 496
450 445
468 481
494 489
413 405
441 420
479 419
423 449
431 415
421 419
477 485
437 424
429 480
432 460
427 450
497 424
469 400
470 478
401 410
461 423
483 421
425 415
486 488
416 428
429 416
403 489
405 423
419 447
430 466
470 432
479 462
444 452
470 412
431 438
439 403
481 441
439 451
459 414
416 496
449 479
491 453
465 412
479 417
444 465
404 410
427 453
446 412
417 497
431 412
481 444
446 498
447 490
421 495
472 426
429 487
470 472
465 402
440 418
413 421
449 459
436 452
498 490
420 449
499 408
428 435
403 428
485 461
475 450
421 405
463 474
482 444
422 438
451 490
435 411
484 453
461 471
458 423
488 451
493 493
492 496
417 403
493 435
486 464
436 493
480 484
441 458
433 457
405 470
497 466
499 437
473 475
465 471
419 404
444 496
489 464
424 469
470 458
453 416
408 453
462 420
452 461
490 491
472 444
445 486
499 466
483 426
454 413
472 427
413 432
451 490
428 417
484 427
443 493
456 407
411 407
475 494
407 480
497 460
453 466
487 404
438 410
420 482
405 496
444 461
454 493
401 480
434 418
412 435
472 423
453 484
455 405
416 471
467 405
459 469
498 418
470 468
472 470
410 455
432 491
441 463
468 464
429 455
459 493
475 448
410 482
434 404
497 436
492 472
434 488
415 431
493 434
456 413
414 409
464 407
445 472
444 417
401 404
443 486
491 443
466 418
423 456
459 434
459 452
424 408
490 401
442 469
492 448
465 407
457 440
467 446
415 409
489 465
443 431
456 417
446 439
432 462
464 454
437 487
430 480
499 455
405 467
492 451
478 497
406 478
407 463
474 486
446 479
439 481
404 475
492 440
476 455
478 419
466 400
444 449
466 482
423 449
462 431
424 493
467 425
483 415
490 498
454 425
477 430
447 464
407 493
414 492
498 465
467 425
475 410
499 426
488 488
428 455
489 457
438 452
443 440
451 469
444 417
411 470
410 478
488 411
424 425
459 488
458 450
452 481
425 416
463 498
478 499
467 401
470 429
475 468
486 426
459 452
427 416
424 474
448 406
499 477
443 431
403 452
406 426
413 478
459 469
467 419
458 487
456 469
465 483
483 451
444 498
482 436
406 470
481 400
459 440
467 414
436 490
465 489
420 477
481 404
441 410
420 427
442 492
462 413
486 474
449 431
429 445
413 426
436 480
443 456
407 470
445 403
487 403
437 482
414 495
416 476
414 431
469 438
448 490
446 408
429 415
438 411
485 423
475 449
487 466
446 462
493 425
469 482
400 423
452 455
431 435
435 469
472 476
471 442
423 496
427 458
402 402
417 407
424 460
413 466
474 400
465 483
447 405
402 489
491 423
450 417
446 427
478 423
490 413
422 409
414 459
446 432
497 415
431 448
422 452
495 460
465 437
449 494
466 441
433 456
460 494
478 415
405 469
441 470
460 425
489 422
403 499
435 457
454 426
464 437
488 430
480 447
476 427
489 451
479 443
437 406
424 451
457 477
447 429
478 475
422 418
452 442
433 440
417 490
466 454
407 427
460 467
417 435
403 464
482 419
480 481
419 459
445 457
450 443
480 445
468 425
464 482
429 472
448 474
472 413
435 445
460 444
448 400
413 461
463 401
468 441
430 468
434 499
437 465
458 498
408 492
481 473
491 494
477 428
492 428
438 440
451 425
428 462
486 438
433 492
482 442
422 473
422 452
467 467
462 447
492 437
403 445
442 429
457 453
463 438
441 471
476 479
416 443
459 432
484 496
432 421
405 410
401 416
447 448
426 470
498 495
402 433
437 453
402 403
463 445
493 475
467 403
473 496
416 498
472 419
440 453
423 402
460 451
428 413
428 478
406 404
439 485
445 405
478 432
433 431
430 436
479 422
411 464
402 457
417 416
496 462
492 428
442 485
424 459
440 488
423 432
463 434
427 416
487 417
495 470
405 408
456 419
478 444
479 462
466 454
473 435
435 413
475 410
448 414
419 455
444 442
451 403
443 478
453 406
400 409
454 422
436 425
459 470
450 443
476 441
455 437
415 448
428 437
421 491
457 495
455 439
421 454
468 487
479 423
456 425
463 402
488 482
438 473
469 453
498 441
471 448
449 456
491 439
427 477
430 431
414 430
486 435
494 480
494 416
434 446
462 498
497 427
498 412
452 429
468 484
431 434
466 436
453 454
496 472
421 449
434 461
451 447
486 418
460 424
445 461
458 421
474 432
429 492
446 477
401 439
450 430
400 428
430 425
499 468
412 403
410 489
461 415
487 436
442 485
423 467
441 428
423 483
412 429
428 486
462 449
406 439
497 416
462 477
464 439
438 429
434 403
465 438
475 499
439 415
490 420
426 432
498 423
498 461
480 467
402 440
409 431
475 495
468 418
480 445
467 405
447 465
439 434
431 451
404 450
443 431
413 423
421 424
464 495
403 414
462 419
434 430
446 465
439 401
407 464
495 474
402 453
462 464
485 474
427 493
408 448
494 461
449 450
470 489
487 456
485 426
495 473
413 413
435 497
423 480
406 402
487 418
435 417
405 411
449 487
482 442
415 437
408 404
481 409
403 421
415 425
480 445
457 405
470 419
467 408
406 481
405 499
407 408
429 434
495 449
487 431
496 488
482 468
430 492
405 463
460 492
425 492
418 480
417 479
478 431
434 450
461 483
428 481
415 489
444 408
470 418
408 441
444 463
499 494
460 485
406 425
490 449
463 479
481 434
455 474
480 434
460 411
448 458
447 418
449 448
476 450
427 419
498 408
474 414
424 471
453 436
478 463
480 420
439 447
413 407
468 495
497 430
433 446
454 474
418 407
414 417
417 406
453 447
462 413
444 429
411 491
458 428
434 433
427 409
427 496
447 424
466 462
420 498
409 484
487 496
410 427
461 408
459 490
460 426
489 488
415 476
482 450
415 438
402 475
499 400
473 457
438 440
447 483
450 463
440 489
449 479
409 448
480 410
426 423
418 477
446 449
426 467
455 480
482 468
427 480
407 490
480 468
403 471
486 422
463 459
446 429
429 443
484 488
499 490
442 425
485 411
416 435
455 463
452 448
482 488
467 433
468 451
487 403
478 462
474 422
406 432
447 472
446 401
452 488
459 429
496 456
477 436
469 472
486 432
488 427
457 490
463 498
473 465
436 471
458 484
489 488
436 442
492 426
433 496
411 408
436 413
442 475
403 457
452 434
448 452
447 493
476 464
408 495
487 430
462 452
464 405
418 440
480 424
463 466
457 464
479 428
417 412
433 416
426 405
465 486
437 485
413 454
462 460
441 432
450 453
401 430
471 453
469 450
411 426
477 405
404 470
482 448
427 442
458 445
436 404
419 479
496 498
498 493
432 426
481 433
409 487
457 489
448 485
430 414
404 440
415 459
482 473
438 419
465 489
463 467
478 442
480 451
405 408
418 496
457 432
402 445
416 495
462 452
451 420
437 444
412 471
455 448
496 461
474 482
408 459
402 421
422 436
491 425
454 473
417 445
434 416
423 401
400 417
416 412
463 403
410 439
427 433
411 460
470 451
466 429
403 400
457 453
496 461
480 408
436 468
475 469
418 441
444 453
429 441
419 497
488 409
485 488
448 489
426 486
419 417
474 472
471 402
410 409
484 458
456 433
458 470
468 492
486 496
453 405
446 400
435 471
423 406
446 427
447 440
443 423
484 402
442 443
476 403
440 438
493 426
445 480
494 477
473 477
442 436
446 416
400 401
461 437
424 426
425 452
442 472
472 435
428 403
426 425
453 486
495 429
455 457
420 452
428 460
464 426
441 441
475 400
414 464
491 401
466 462
439 406
450 412
488 422
440 450
434 460
414 476
419 467
463 411
405 407
485 435
482 405
435 487
436 451
453 458
455 433
486 465
450 423
402 433
463 424
464 498
454 402
445 412
456 483
461 437
473 451
433 467
468 491
466 411
477 490
457 458
411 482
408 419
471 453
431 486
437 480
435 400
458 432
499 442
450 403
420 414
410 413
443 459
492 456
496 412
426 453
401 420
421 460
414 433
435 437
484 499
414 436
481 466
466 477
415 462
409 429
437 450
454 409
428 463
460 448
413 483
463 463
474 477
475 451
447 410
416 431
443 412
466 470
451 406
415 459
463 477
441 459
495 414
455 407
443 444
407 414
498 478
413 434
467 440
463 474
401 486
408 446
465 414
462 467
453 456
487 412
455 438
418 434
471 469
451 426
449 441
436 408
486 415
486 428
416 433
476 422
401 486
422 416
449 464
436 447
486 410
419 493
448 474
480 429
464 439
457 444
481 406
449 416
438 438
408 494
463 457
433 419
422 433
413 423
467 439
489 433
471 430
492 446
470 423
400 422
467 445
473 451
448 471
477 463
470 485
417 436
454 491
424 429
437 411
423 404
433 457
453 450
456 400
472 435
488 408
444 459
460 433
478 432
402 445
488 445
425 426
439 478
413 491
468 452
469 433
443 451
464 484
429 431
408 470
405 476
415 454
486 461
414 482
438 483
498 479
446 425
468 421
444 427
437 461
449 456
471 469
441 408
459 496
479 438
423 414
490 404
430 471
488 480
425 493
432 427
401 442
415 405
454 460
486 448
462 414
419 448
450 458
441 402
416 411
433 475
418 440
435 408
494 409
424 440
415 468
456 438
450 473
423 487
464 497
436 457
499 409
494 469
471 493
443 419
411 431
454 448
437 442
403 464
470 471
420 469
425 498
418 406
490 460
498 412
401 443
478 454
400 415
491 431
490 400
467 461
461 464
469 431
411 486
472 436
431 494
446 430
426 472
415 480
408 471
436 492
494 407
448 463
427 447
488 418
454 498
413 485
422 400
472 438
497 423
465 436
489 400
497 456
440 440
485 424
497 483
462 438
427 492
494 492
474 497
434 446
432 467
498 499
425 437
454 415
474 406
458 435
431 457
469 451
483 448
453 426
424 451
434 468
411 494
416 468
485 437
441 402
419 484
488 466
407 454
407 479
415 445
439 487
417 403
457 487
428 436
459 489
466 475
409 400
411 473
462 440
441 416
454 447
400 484
428 468
447 408
455 453
416 415
484 466
448 496
423 408
407 434
428 406
403 468
412 491
450 418
428 444
461 493
415 473
418 468
451 407
498 498
454 495
492 481
478 433
468 403
426 457
407 408
426 457
426 453
497 401
445 408
494 464
410 408
402 444
470 458
499 404
420 404
456 431
423 409
459 403
425 433
459 419
405 450
411 406
432 430
418 490
431 456
421 412
456 478
421 496
416 480
438 435
412 482
485 426
474 454
444 410
474 408
444 446
436 474
481 437
456 480
462 425
473 464
419 443
442 462
414 464
467 414
406 427
450 469
425 412
405 436
406 440
411 498
406 458
461 430
458 422
479 426
480 408
455 434
449 442
453 436
420 421
463 438
401 430
447 444
496 493
427 468
491 434
445 447
433 483
495 494
473 452
484 404
458 441
456 426
484 441
480 416
443 412
465 426
426 442
427 431
447 476
449 493
401 420
484 478
413 412
415 432
442 436
432 495
479 469
408 494
482 492
488 499
423 483
461 409
441 452
453 467
460 471
466 447
482 442
447 459
435 479
449 478
464 442
455 458
459 436
405 492
449 471
449 492
459 414
459 484
418 400
494 467
420 456
431 495
468 468
494 470
449 418
488 423
453 450
428 429
446 421
460 432
408 434
478 448
489 463
493 474
444 446
462 424
472 448
488 496
469 449
427 436
441 498
408 456
404 432
464 456
452 410
480 452
494 496
459 462
449 480
454 431
425 437
408 440
431 499
472 438
415 426
452 460
425 463
483 492
429 443
486 432
425 489
494 422
497 422
457 442
401 494
492 499
413 406
424 497
472 496
476 438
417 423
449 422
455 452
470 407
456 460
423 464
441 415
425 405
416 496
404 444
446 433
411 423
442 442
475 490
477 469
447 470
435 488
443 414
410 483
456 441
493 415
410 465
480 416
483 458
403 494
411 497
448 429
441 402
429 447
437 492
421 408
426 409
477 417
494 441
470 438
447 459
401 488
492 429
451 487
468 436
458 403
459 412
471 482
403 469
410 481
421 450
479 414
476 488
467 429
473 451
482 402
443 424
486 415
453 430
492 430
442 451
429 405
407 442
412 431
476 414
497 458
416 492
493 487
454 469
413 430
456 470
492 499
433 424
437 419
484 452
448 479
486 479
416 462
484 453
429 485
457 459
491 476
485 459
470 499
435 407
403 410
464 436
443 488
433 444
427 442
485 421
424 407
474 425
463 495
430 455
452 452
477 452
402 488
429 401
414 457
424 486
477 414
453 432
411 499
478 431
478 446
493 411
458 458
438 420
402 472
456 472
403 416
482 435
428 430
459 481
433 438
413 455
420 405
423 455
440 430
497 489
492 412
492 410
456 476
434 425
410 484
414 434
412 493
412 414
479 430
424 472
495 491
453 453
434 469
413 439
402 450
441 491
487 407
433 408
485 444
405 494
413 477
466 423
465 402
400 489
449 464
484 492
437 498
417 417
472 440
403 438
438 499
455 464
401 489
445 451
416 480
455 477
488 445
477 426
420 469
434 418
445 463
402 472
493 411
436 441
435 479
482 480
454 417
470 400
449 428
464 491
483 438
477 418
460 441
458 412
432 484
457 427
494 413
451 420
464 456
435 419
469 426
478 440
419 447
479 420
462 489
465 422
453 411
423 423
435 433
455 492
489 412
406 463
470 448
442 457
451 491
457 439
444 413
426 466
474 474
462 403
490 416
464 422
458 426
400 494
439 413
492 458
443 452
408 407
460 429
432 478
416 413
407 479
470 456
402 458
417 415
490 461
496 445
486 410
462 481
441 427
407 420
498 479
446 474
480 498
404 495
412 459
460 454
413 417
413 422
424 489
418 455
428 463
460 496
495 451
429 410
401 408
494 419
477 401
414 416
497 404
422 448
487 457
412 482
458 424
416 436
482 478
411 453
459 407
410 440
462 455
423 451
461 459
438 494
440 450
467 455
456 422
418 402
429 467
499 405
419 401
407 406
440 489
462 436
496 455
490 439
468 445
404 442
456 427
490 477
439 462
417 467
449 442
408 426
489 401
416 462
427 439
430 428
439 499
402 435
406 463
460 439
432 482
400 495
451 485
418 460
400 452
448 436
419 450
460 444
455 416
457 466
439 494
477 450
422 426
462 415
414 446
461 404
479 448
404 424
462 436
470 483
488 412
405 414
439 462
426 464
429 475
481 434
402 451
488 407
411 405
404 480
403 416
451 488
413 498
406 444
432 444
414 441
478 446
434 420
400 485
403 450
444 490
412 479
489 452
487 489
499 477
491 402
478 477
403 498
441 496
431 474
494 469
498 415
484 471
412 447
491 423
405 449
447 485
474 460
459 407
414 434
488 464
483 493
471 434
406 457
443 423
404 471
471 464
450 473
494 414
452 455
451 440
462 498
492 461
455 400
465 416
489 439
486 465
440 428
401 446
498 478
413 402
443 495
412 412
419 471
469 479
492 476
481 497
420 485
403 429
411 458
419 474
416 415
409 493
454 461
481 405
465 425
476 401
406 406
488 489
463 481
481 451
446 442
405 449
441 450
481 414
462 499
452 473
416 468
479 434
449 406
478 464
409 418
407 465
412 471
428 400
459 498
437 489
449 424
402 444
499 457
402 483
428 491
489 465
487 480
495 491
481 488
421 434
416 460
415 453
444 491
451 444
404 435
490 469
444 496
444 494
456 417
445 484
493 402
445 463
414 460
427 441
475 462
489 459
485 409
419 433
456 407
402 418
468 493
463 408
401 468
461 404
451 467
435 473
442 439
493 442
466 468
420 410
449 494
427 408
431 475
445 453
431 489
413 440
445 489
489 400
491 485
470 442
443 428
467 423
457 448
460 474
421 484
425 497
424 446
431 444
488 491
493 438
417 417
411 464
473 434
408 488
418 499
450 402
470 437
478 413
420 403
403 488
413 408
402 450
421 451
456 427
435 405
405 491
462 473
477 469
474 419
431 489
482 425
467 442
455 425
411 435
477 457
430 479
485 423
453 426
422 449
415 445
468 488
426 461
414 407
450 428
419 487
446 401
451 456
445 445
466 403
419 462
478 462
476 467
401 406
484 428
413 480
443 415
467 430
446 407
485 473
427 476
427 475
482 431
493 417
401 460
459 438
461 473
433 405
433 400
404 413
443 404
441 487
437 444
456 441
461 401
419 461
464 409
468 499
439 435
472 402
439 457
466 483
435 464
452 480
451 491
456 424
419 479
489 452
444 441
447 482
407 491
428 431
468 452
425 499
460 442
421 443
454 411
408 446
482 472
414 481
435 443
496 471
475 455
471 489
409 468
465 473
426 406
489 481
443 492
466 498
462 495
434 442
470 415
415 483
448 480
426 473
452 425
452 437
481 451
434 419
463 423
416 445
473 417
440 409
482 441
439 410
400 483
408 469
429 463
436 441
457 484
430 424
420 464
428 496
446 456
454 466
463 462
425 492
402 408
458 453
401 411
408 433
407 436
404 402
433 474
436 454
401 488
433 437
451 484
480 438
456 412
443 453
489 436
465 484
414 408
416 483
439 471
490 416
487 400
416 447
474 464
429 404
450 445
407 422
482 401
481 408
403 466
445 414
444 489
486 454
448 456
452 444
497 452
475 499
419 463
470 488
469 410
408 432
483 482
424 489
473 464
449 469
419 447
400 443
457 497
462 482
485 404
404 479
426 482
412 437
455 423
456 443
457 415
454 462
414 408
488 451
407 412
421 407
442 494
484 445
447 493
411 468
444 481
407 474
475 482
493 476
457 494
400 463
403 479
426 437
435 473
468 424
457 413
450 424
423 423
437 424
423 475
467 435
454 462
464 443
412 403
463 446
422 400
457 439
495 431
431 491
412 476
498 432
422 432
434 478
412 430
464 456
452 470
480 425
450 431
445 411
464 422
476 496
429 471
483 464
412 458
463 474
482 490
479 427
459 428
491 410
474 456
403 484
491 427
484 428
441 421
413 434
447 477
410 430
424 457
429 402
455 444
461 455
460 401
412 404
411 453
483 487
476 452
423 426
456 464
426 429
479 439
404 408
439 470
419 472
463 413
417 485
451 469
481 494
431 408
427 492
451 456
428 456
462 446
429 496
450 456
470 460
419 405
446 497
469 496
409 429
443 444
466 416
485 438
463 499
490 419
458 491
439 480
420 420
482 483
419 483
470 440
496 440
425 451
439 400
496 412
467 498
468 492
460 401
433 454
491 433
439 455
463 469
458 429
405 468
458 446
463 411
435 447
464 411
471 454
443 422
429 437
497 464
449 488
447 414
422 446
437 482
486 415
408 466
452 436
478 445
458 467
491 407
458 473
486 431
466 401
454 439
411 451
482 492
470 497
412 436
444 405
485 480
448 443
419 489
486 428
447 408
451 487
405 400
470 438
454 481
401 493
432 491
464 427
460 473
425 469
433 446
480 483
403 484
481 459
490 483
416 425
472 444
452 429
432 427
464 459
412 493
434 404
406 426
444 403
478 482
411 431
459 498
498 428
407 470
448 432
448 432
458 447
461 451
447 421
404 454
424 415
449 487
497 492
430 427
425 442
436 446
439 451
435 478
461 481
430 465
422 438
481 484
446 403
402 419
429 443
413 421
421 479
471 466
435 457
497 448
440 437
483 414
487 482
471 480
418 481
418 455
446 467
449 463
447 436
403 490
432 448
423 406
451 417
467 459
496 477
464 443
447 442
413 486
443 415
412 462
481 492
468 438
441 453
472 492
475 411
452 489
468 403
426 420
471 459
410 475
435 442
417 473
426 472
407 418
404 422
435 489
412 407
461 439
435 475
406 465
443 459
418 499
417 453
446 446
425 429
418 479
417 488
414 497
417 403
493 418
406 420
479 428
406 481
487 430
491 489
471 412
482 436
487 454
433 485
443 401
480 445
461 426
477 425
406 485
415 408
448 477
424 472
451 417
473 462
460 474
485 432
487 434
484 462
460 440
451 435
405 477
497 421
490 483
496 479
444 435
404 486
430 476
411 482
461 462
454 463
439 453
434 451
406 466
499 418
458 431
473 479
488 429
492 432
404 409
489 454
482 488
429 465
416 452
422 403
476 472
476 487
496 465
458 403
477 450
496 411
475 420
444 410
481 487
440 415
453 449
453 460
435 416
426 434
463 486
426 430
436 495
460 438
490 467
420 490
450 428
474 445
429 422
415 495
402 481
437 401
404 499
452 459
419 467
450 476
410 489
458 471
477 447
413 441
459 431
493 494
475 414
451 485
450 468
414 414
472 480
440 414
401 411
493 486
414 485
418 471
412 452
435 410
467 479
404 454
494 485
484 443
498 422
439 489
452 477
475 492
476 420
461 411
408 421
425 458
436 489
469 460
407 454
409 412
406 449
424 464
495 408
446 403
433 404
471 448
430 490
472 464
429 477
403 470
437 484
435 497
497 400
400 478
446 428
407 484
462 447
422 448
418 433
439 460
458 418
475 407
460 432
417 478
414 459
427 474
480 413
420 445
441 442
498 453
401 426
466 415
467 402
470 448
463 449
494 406
451 454
498 480
470 448
435 459
449 481
416 456
417 468
415 418
412 407
408 478
488 420
493 467
485 414
463 499
414 426
452 479
455 442
481 438
436 469
453 446
477 460
447 486
436 433
465 475
455 459
466 403
439 401
473 450
412 450
458 433
440 424
492 497
414 412
487 482
414 449
477 451
414 448
484 491
414 412
421 488
440 465
495 447
406 415
461 420
413 448
462 407
419 489
471 487
499 465
437 471
444 458
448 470
403 469
418 459
405 456
440 473
481 427
480 415
417 460
490 408
446 450
480 444
484 419
416 454
420 472
411 497
450 454
452 472
422 415
461 411
450 479
422 495
412 451
428 481
420 453
496 458
473 465
435 457
416 467
496 417
448 443
476 444
436 482
449 476
482 481
418 422
402 407
406 425
407 414
436 440
479 434
426 458
420 409
444 488
409 406
422 472
455 452
460 425
422 437
403 475
423 400
417 436
499 421
405 415
404 459
459 420
470 490
464 408
477 465
483 411
441 489
443 423
446 448
413 447
69 461
58 459
43 483
30 455
55 404
78 463
54 488
43 431
23 418
7 463
40 461
59 428
87 402
19 409
25 429
67 412
94 450
21 454
49 474
16 460
39 442
71 484
14 467
80 411
74 419
67 444
12 499
73 429
81 429
14 425
53 435
47 490
36 429
16 447
25 408
89 456
9 427
66 477
78 455
48 432
21 405
86 495
73 443
64 426
2 415
19 476
96 438
41 424
71 469
58 482
58 404
43 491
86 456
62 493
10 443
90 463
90 457
12 472
92 485
43 430
69 452
48 444
15 450
29 400
6 463
23 487
29 427
49 410
95 417
23 438
62 435
59 498
75 415
86 475
90 458
74 416
44 458
83 420
22 494
72 465
59 462
83 470
98 480
24 455
61 453
73 459
74 473
53 406
40 410
43 456
5 470
26 466
21 402
91 448
80 498
73 466
76 407
39 491
49 472
94 403
83 400
1 424
38 407
83 447
91 459
16 480
61 400
18 451
97 419
9 416
11 435
12 449
78 434
86 491
50 455
65 430
91 419
18 417
29 493
66 486
62 409
27 429
40 469
42 415
8 495
63 400
49 413
17 461
89 494
13 424
24 420
21 409
91 490
1 466
48 428
4 417
63 461
67 468
4 472
38 462
57 474
12 488
55 451
25 478
100 403
2 499
13 431
56 446
21 488
21 487
47 419
40 466
36 474
81 478
42 414
91 468
54 493
37 484
73 474
55 408
9 466
3 469
79 465
44 415
22 478
42 409
94 443
30 491
97 497
79 485
58 402
96 469
73 444
88 445
67 481
32 463
46 411
20 436
3 498
5 450
73 447
92 442
49 420
39 454
96 469
68 403
44 421
62 401
31 478
36 401
20 445
63 415
48 489
23 454
20 453
65 425
92 408
24 447
87 477
14 441
88 492
44 423
76 463
72 436
76 404
17 409
38 414
64 473
19 477
42 490
52 491
66 407
29 465
57 401
73 415
43 446
60 415
71 456
85 491
90 474
96 417
64 434
75 475
31 439
35 475
100 427
5 480
95 496
73 477
67 494
91 473
94 420
41 452
70 492
93 446
56 484
47 474
100 490
8 488
5 454
39 474
54 499
8 463
49 459
48 460
27 468
9 436
80 419
59 407
93 406
98 471
59 496
88 422
77 447
69 490
37 487
49 486
83 421
41 456
3 498
82 492
4 477
19 492
92 463
82 439
14 454
61 423
62 411
16 430
80 448
73 425
23 472
47 452
95 489
72 484
9 440
39 402
94 463
29 436
99 436
45 433
79 472
57 461
73 426
63 426
16 424
90 408
72 447
86 468
63 415
53 443
67 453
54 449
22 477
34 440
80 490
54 461
19 416
52 454
49 403
65 461
57 421
74 464
35 410
25 485
17 463
91 440
86 429
64 443
71 422
19 449
27 473
83 490
31 454
92 478
85 472
62 443
36 466
70 425
44 495
26 416
88 441
80 420
53 433
41 424
53 420
84 415
44 469
13 408
73 406
50 480
61 460
93 406
11 435
38 494
76 432
83 428
93 477
66 470
37 423
65 485
12 470
53 461
12 458
23 496
32 472
14 485
98 427
71 439
41 420
61 419
14 487
30 478
50 479
13 415
45 492
48 478
17 488
33 488
90 421
35 458
85 468
28 424
95 464
80 489
39 497
73 453
26 455
5 418
6 472
43 459
69 432
37 414
99 406
86 471
82 436
67 485
46 494
52 434
96 433
68 494
87 422
64 456
89 432
44 451
65 494
27 473
73 436
90 489
83 408
26 455
5 448
45 466
14 463
37 426
25 453
91 482
56 467
39 463
89 410
61 441
28 402
56 409
70 490
25 497
56 455
22 432
86 402
63 441
57 405
16 421
15 416
4 474
14 420
62 483
61 417
99 477
26 401
43 489
51 452
3 451
34 425
94 493
62 404
86 477
100 466
13 478
13 442
73 410
58 485
13 431
14 445
41 403
47 441
20 442
16 440
19 422
93 483
49 411
51 432
45 430
98 440
68 498
76 419
24 493
11 415
91 464
6 418
4 454
44 428
71 475
46 412
39 440
6 469
17 493
47 425
46 481
67 437
77 489
38 432
58 411
26 476
86 477
36 492
80 491
32 445
67 462
63 483
65 457
4 412
8 491
57 422
95 402
52 484
19 430
14 467
78 482
49 454
36 412
16 424
24 498
83 459
34 491
38 405
2 418
15 486
91 431
66 429
37 420
24 488
63 414
61 473
26 476
90 415
34 442
3 468
34 478
70 452
14 487
84 493
90 423
64 481
86 411
1 449
48 424
51 439
97 400
81 402
44 457
53 473
96 489
100 409
72 499
88 423
72 449
59 433
9 495
66 403
33 435
6 486
48 453
61 444
61 461
57 435
77 478
100 426
17 413
51 436
39 482
65 452
92 455
2 472
39 419
1 442
55 484
29 476
20 412
11 423
15 472
13 450
41 482
25 420
55 445
17 431
7 475
53 403
77 414
26 422
95 498
42 401
1 446
71 483
22 456
52 448
39 454
22 465
24 439
51 450
12 462
97 412
84 477
37 452
17 484
58 463
2 465
24 400
3 448
71 411
12 434
65 439
100 431
31 423
46 438
91 428
49 444
7 430
46 485
24 427
22 493
2 408
80 471
43 406
45 458
18 456
51 486
57 496
83 402
100 499
98 465
24 413
10 445
8 496
72 482
23 472
21 413
74 499
25 497
59 473
35 486
7 451
71 475
96 403
96 439
1 475
78 492
54 447
94 464
67 460
47 477
97 411
30 419
3 445
33 443
57 400
97 481
50 490
75 486
14 429
63 459
51 422
16 483
50 489
87 435
100 469
91 402
42 452
52 427
92 490
35 400
84 435
74 466
99 438
33 466
4 420
31 450
78 484
12 456
38 411
59 403
68 499
92 480
82 420
9 466
93 439
36 421
17 411
67 407
55 456
19 448
17 441
66 472
20 401
72 494
8 470
3 419
73 430
78 423
34 417
11 432
67 434
77 445
91 406
24 440
93 402
46 491
69 473
18 459
63 477
71 463
48 468
95 408
2 402
76 473
9 401
51 464
21 445
95 469
74 449
53 478
37 406
94 412
5 410
60 426
2 484
16 491
33 462
35 437
80 459
87 419
15 438
45 411
7 410
41 448
90 420
42 409
20 454
78 451
28 430
84 419
10 494
92 428
39 452
70 443
81 409
12 452
89 450
61 492
86 467
62 463
96 412
2 456
53 408
88 439
70 427
33 430
73 475
79 447
34 491
6 409
20 424
56 477
94 403
86 436
1 451
41 482
75 467
30 424
92 455
46 428
60 411
73 493
21 495
1 415
51 413
33 456
61 476
94 497
18 483
98 410
36 462
35 464
3 410
10 416
37 450
45 468
53 405
54 409
62 491
9 485
45 400
28 444
77 406
73 434
85 421
19 459
56 499
68 461
21 450
46 485
5 415
81 492
33 417
81 497
14 457
1 472
72 482
87 408
19 480
4 436
8 465
34 499
35 464
36 414
96 442
26 419
16 469
22 427
12 402
10 438
12 430
71 478
13 477
25 461
83 436
72 476
31 411
75 453
96 420
35 423
56 457
94 445
72 496
35 491
63 498
85 463
61 439
52 463
75 412
48 450
46 408
1 450
88 475
61 485
100 499
100 443
26 449
45 471
23 448
62 456
54 428
37 406
50 479
12 448
66 498
42 400
59 430
79 477
81 449
34 401
25 461
100 487
89 457
28 438
24 409
9 491
15 460
48 443
44 481
90 473
82 433
52 442
86 468
33 434
1 477
52 414
94 403
11 427
61 497
47 434
47 460
21 416
4 479
88 455
55 471
96 469
20 424
70 449
36 488
61 456
72 487
96 443
3 451
41 490
46 405
90 482
73 483
50 410
40 451
14 434
69 444
40 429
68 463
47 433
96 485
61 468
11 487
66 414
33 498
6 460
85 497
96 451
93 455
43 445
3 461
34 475
88 423
71 464
40 458
85 481
98 423
6 486
29 401
46 495
3 468
53 414
5 437
31 412
48 492
58 415
2 441
43 451
87 402
41 415
50 433
38 454
19 498
100 449
31 402
75 463
82 422
35 420
35 409
73 414
84 471
85 437
8 404
59 441
59 436
70 442
5 428
47 451
46 402
18 485
83 412
78 498
80 478
76 465
25 409
91 445
63 402
85 490
85 448
48 462
35 449
49 496
5 495
40 449
79 463
10 420
19 437
36 423
23 430
68 466
94 481
73 400
89 427
22 436
62 451
67 410
95 461
39 421
79 475
65 431
30 473
54 427
27 427
78 403
43 460
75 426
83 421
26 415
80 421
63 499
90 407
24 416
63 460
36 418
86 482
21 418
20 488
3 413
57 420
91 473
54 426
25 410
98 442
44 436
30 491
46 496
53 494
78 488
8 499
76 411
11 421
98 409
84 400
81 499
91 434
78 446
46 411
57 402
38 498
41 476
46 411
77 463
64 470
47 443
9 496
27 447
100 409
34 441
66 497
44 472
73 435
30 473
90 467
40 445
63 435
82 430
45 452
65 463
26 477
29 469
59 400
97 467
63 444
22 426
59 468
55 438
1 406
92 447
31 410
82 476
66 475
23 460
58 450
58 481
7 406
13 461
92 496
93 467
36 476
78 415
94 463
44 461
77 479
60 436
96 423
31 450
94 492
36 474
89 477
4 492
36 461
39 424
58 498
64 498
49 436
97 401
88 439
13 498
24 466
86 479
21 420
30 483
95 472
12 485
27 433
91 401
68 498
35 402
49 488
58 404
32 467
69 419
95 445
99 461
99 499
6 457
54 448
33 417
74 489
32 481
66 486
38 496
91 489
44 413
99 444
27 422
68 467
32 442
21 464
9 485
49 454
43 425
88 456
26 446
33 494
97 421
17 436
74 492
81 450
71 416
62 480
27 444
78 447
11 485
45 479
21 431
18 459
6 448
62 450
66 490
71 491
20 473
65 415
59 461
15 453
33 409
62 406
17 417
1 499
86 437
60 440
13 419
78 490
27 425
25 411
81 430
9 428
80 483
8 487
25 436
28 414
68 433
37 432
90 450
45 499
21 426
37 494
39 487
62 439
54 401
36 415
67 466
69 441
32 464
89 416
7 401
85 465
4 403
5 401
14 438
10 439
35 491
88 484
49 470
65 482
23 495
3 403
55 489
30 478
19 475
96 499
11 467
8 423
87 472
25 453
21 470
57 423
65 473
10 492
99 490
43 440
21 465
6 481
50 483
5 435
42 478
94 462
75 471
55 418
15 435
6 428
83 458
9 443
71 459
6 493
83 428
81 419
26 408
78 490
24 458
92 496
85 445
94 499
80 436
6 463
73 429
31 434
7 437
19 403
97 406
92 499
63 419
90 440
100 466
22 471
21 475
62 453
20 457
84 436
38 447
35 455
33 497
60 407
39 499
98 455
39 481
96 450
73 427
78 440
88 451
58 491
85 457
4 455
35 498
65 431
1 444
84 437
87 488
69 419
25 429
86 472
49 489
91 423
79 438
14 438
61 450
15 421
31 482
8 424
41 495
80 475
88 490
17 436
79 430
11 470
14 435
87 400
62 477
28 488
22 426
61 401
41 492
67 431
45 486
25 473
3 417
21 423
88 406
28 494
40 450
81 432
94 448
98 477
71 434
100 418
73 459
11 447
66 445
1 488
81 498
63 459
6 435
21 465
97 471
7 438
56 457
19 470
20 457
10 417
52 488
49 453
82 494
17 475
65 452
78 492
32 434
31 488
15 402
26 420
11 422
37 439
29 494
82 450
53 474
43 454
33 474
93 494
27 410
26 433
18 461
76 442
58 401
28 486
25 437
27 476
94 418
63 487
16 418
97 406
90 469
14 466
65 469
96 411
93 417
82 416
61 433
46 436
90 400
82 424
43 405
93 449
18 444
60 421
28 488
76 400
29 437
62 451
86 488
64 474
68 440
21 474
78 496
57 405
30 486
85 453
64 410
70 459
18 439
60 461
95 473
72 462
70 496
27 488
14 424
51 413
76 401
76 466
44 457
48 446
80 472
22 479
5 495
85 422
7 436
95 411
35 449
16 454
91 487
41 469
62 440
21 430
9 444
74 405
85 493
75 417
81 461
41 421
34 413
39 418
29 459
22 487
81 463
52 406
62 477
65 405
90 409
48 488
66 469
4 413
47 459
70 415
77 450
12 411
75 455
14 431
32 419
28 426
93 439
37 409
97 455
54 490
14 411
54 486
12 467
49 403
94 448
78 464
47 423
9 401
35 422
36 474
100 421
58 474
11 443
2 455
10 468
93 495
1 497
70 486
19 454
85 463
16 428
54 425
77 423
27 423
76 421
77 425
56 456
22 400
31 476
91 403
86 489
25 480
8 464
41 483
91 471
88 434
84 406
66 452
49 415
59 457
44 465
51 461
57 481
90 448
36 421
29 443
12 477
90 450
75 443
54 473
72 482
23 438
53 430
91 470
88 490
59 435
44 410
20 495
31 467
94 419
27 460
82 430
14 485
56 423
30 479
41 412
73 438
21 412
40 494
52 468
86 429
9 433
60 483
56 434
42 415
61 455
60 489
97 420
18 425
20 440
21 419
46 428
11 420
38 445
73 423
85 433
39 471
53 484
35 456
73 485
90 416
10 486
75 473
63 402
21 496
5 485
48 420
94 445
38 495
95 404
72 424
3 452
78 477
62 494
63 471
69 426
78 484
28 487
36 420
82 490
91 487
31 427
98 413
84 488
10 424
35 472
40 474
29 443
73 435
36 456
22 445
16 492
16 488
88 417
54 413
1 473
64 449
11 416
44 435
61 475
83 422
2 419
71 492
99 457
94 488
35 415
81 437
64 490
10 426
64 486
66 473
44 467
79 419
20 418
14 498
15 463
20 498
33 460
39 404
62 446
50 468
16 425
92 477
11 426
41 450
92 417
93 463
16 489
14 460
62 415
88 453
16 473
19 484
90 458
9 442
40 489
53 436
62 460
63 473
28 499
92 403
30 482
72 488
96 485
15 493
2 437
97 429
76 455
14 431
68 463
33 415
40 404
14 472
53 475
85 438
4 481
17 418
4 469
34 423
44 473
95 462
31 499
63 489
85 463
42 455
20 402
78 403
7 402
55 483
61 441
71 492
34 404
70 455
65 482
90 421
65 431
10 434
73 460
56 478
13 411
79 494
28 487
38 461
35 400
94 466
91 412
22 494
26 468
76 461
26 441
39 441
6 437
47 402
41 466
69 407
44 485
32 437
3 414
19 486
63 404
20 441
71 455
87 416
68 473
99 440
61 414
70 449
27 469
64 413
14 444
82 433
64 431
83 439
18 424
86 414
7 427
29 419
23 454
41 432
89 416
35 425
72 485
55 450
69 405
91 444
96 402
27 420
83 463
50 406
3 443
55 487
60 445
84 468
37 445
7 423
68 427
56 436
91 454
86 494
79 452
25 422
55 464
19 435
12 496
50 438
88 444
61 492
61 435
83 449
92 408
64 484
57 435
61 448
77 438
74 433
85 486
2 436
20 470
67 491
80 406
75 492
97 451
26 451
95 467
64 478
33 407
77 409
89 469
63 498
14 431
21 430
95 447
58 465
78 444
59 471
90 405
16 448
44 437
60 465
20 450
32 494
58 458
30 402
75 487
70 446
86 482
77 422
58 407
68 478
18 422
43 468
58 469
71 441
79 420
24 405
14 489
31 462
5 422
27 412
35 451
98 471
38 420
79 417
5 470
42 467
14 493
47 413
80 406
70 436
74 474
66 419
93 423
37 438
66 477
60 455
6 483
63 449
37 487
55 434
41 408
62 483
45 491
55 447
29 424
82 416
31 449
22 461
51 451
1 464
60 416
72 494
63 409
52 445
19 481
48 493
53 489
77 467
76 469
6 449
20 431
47 426
12 447
79 493
66 447
41 415
39 484
60 494
30 484
23 411
77 473
56 432
69 449
74 450
73 460
21 476
82 432
73 429
13 419
11 415
21 442
79 481
79 403
9 498
76 496
66 462
66 490
29 452
65 457
43 489
27 446
12 488
89 497
3 454
48 461
12 404
49 404
72 447
21 483
52 419
12 400
14 431
70 406
40 467
62 475
10 427
26 493
75 420
27 463
54 445
35 424
31 444
57 465
47 420
32 478
48 448
94 482
98 413
69 476
77 497
87 405
4 437
82 416
25 481
92 435
75 441
17 438
100 458
65 488
38 401
40 462
8 482
94 493
56 493
36 472
52 438
20 409
93 479
8 442
68 490
90 443
88 406
63 482
6 410
37 408
43 477
69 454
23 425
57 453
58 442
38 482
60 457
46 485
77 404
40 485
90 436
43 425
17 494
72 484
23 474
18 450
68 429
4 457
14 452
42 443
13 429
72 474
19 494
32 427
96 420
76 440
68 418
47 412
88 478
72 488
77 459
63 443
51 428
61 425
13 484
86 445
1 474
29 400
31 402
86 497
57 461
46 415
30 441
44 435
99 497
51 423
81 488
69 415
5 435
42 457
44 412
35 440
70 424
29 460
21 469
33 422
41 448
69 402
92 485
88 492
83 473
26 459
67 419
14 458
41 402
89 437
14 437
84 476
72 416
84 407
29 458
35 426
61 432
98 477
21 469
78 446
76 422
8 457
23 488
89 433
77 404
29 497
53 430
70 466
94 477
71 403
50 442
7 468
2 447
76 428
74 454
91 425
18 453
69 457
52 468
91 426
63 473
90 453
7 408
7 452
61 460
93 497
70 432
70 406
19 489
43 463
91 407
46 457
85 426
46 480
47 443
34 431
92 471
25 434
13 459
58 412
34 472
82 486
55 449
58 427
35 411
35 402
100 405
79 434
56 464
98 464
53 400
73 434
88 439
49 418
23 442
27 456
42 482
31 480
26 417
18 487
45 457
13 449
81 495
98 416
81 444
17 463
35 472
44 425
47 488
39 434
44 497
31 426
56 478
95 477
59 471
7 407
78 426
68 457
70 402
28 459
78 469
24 443
12 462
59 454
32 476
33 426
6 466
96 492
43 407
22 483
49 451
91 437
70 475
20 492
18 421
68 487
68 432
62 494
55 447
11 443
48 491
66 487
87 498
33 432
10 441
25 428
78 406
52 498
89 419
50 408
34 425
31 456
42 480
7 411
87 446
100 475
100 410
63 491
88 420
55 481
2 478
43 483
44 492
50 406
42 431
97 435
10 458
39 455
98 458
64 445
53 420
40 466
94 401
13 464
29 461
28 411
31 499
40 408
36 472
84 446
7 474
33 455
94 439
63 402
30 462
96 462
17 401
25 400
42 419
69 476
82 432
23 490
13 451
80 407
62 483
38 496
62 401
23 466
17 461
80 451
43 447
95 409
63 496
90 457
58 417
43 417
74 407
29 422
67 432
20 467
14 400
36 474
88 456
26 482
1 423
84 484
5 426
49 414
95 486
16 485
60 498
73 458
18 410
73 407
82 402
11 462
7 412
83 490
73 406
62 430
84 434
73 455
92 402
7 421
100 426
98 496
70 459
97 451
15 403
99 477
19 442
34 444
38 475
94 458
4 443
16 422
23 409
34 410
11 468
80 494
91 413
72 434
42 455
42 499
78 483
59 432
72 492
28 479
32 488
97 489
43 453
63 449
66 401
20 467
80 475
73 473
96 482
22 411
36 431
69 420
18 497
18 404
37 479
29 452
23 492
28 458
80 405
75 489
77 442
5 405
13 400
85 487
99 410
9 403
18 487
29 413
58 426
51 422
52 491
69 431
39 434
72 443
84 466
20 433
75 467
37 404
63 406
12 438
68 448
36 419
55 450
2 426
41 461
14 448
87 442
73 464
26 403
56 451
87 454
27 485
97 421
42 408
54 486
74 419
58 489
55 497
46 437
32 428
68 432
72 443
84 497
60 448
82 426
21 422
28 449
83 406
35 487
58 428
78 484
60 403
47 465
63 479
100 419
56 493
23 443
36 468
53 483
14 497
61 440
82 460
49 488
77 494
1 426
68 474
30 471
45 476
93 479
63 403
57 497
73 454
10 475
26 449
74 482
76 405
65 420
3 473
24 463
83 474
59 433
33 458
11 444
37 476
81 416
75 407
32 490
8 455
53 480
11 444
33 434
85 418
54 451
24 429
70 489
79 446
25 485
59 482
89 486
73 453
42 459
96 493
39 479
51 457
95 485
2 444
49 404
73 430
6 425
30 432
3 442
33 431
2 461
96 455
68 474
48 477
2 405
65 499
96 400
16 434
33 423
87 436
13 480
69 448
19 437
52 483
43 488
7 427
83 482
8 449
24 475
22 431
99 422
34 456
92 444
51 479
20 469
3 478
50 473
28 431
43 496
31 416
46 481
63 484
76 476
66 405
36 446
80 446
95 452
4 468
19 431
26 433
21 472
93 489
24 420
66 453
16 413
85 432
39 433
85 400
13 478
22 421
50 403
36 440
4 446
45 431
37 402
75 419
63 487
17 489
35 480
64 469
95 409
80 460
83 449
55 425
73 433
40 402
52 449
69 408
90 494
48 477
78 489
62 440
89 411
75 498
18 470
25 419
55 411
92 466
46 456
15 418
30 456
61 485
95 481
80 430
11 429
42 470
41 448
9 486
58 416
16 464
79 434
21 423
30 488
7 448
96 440
73 426
70 404
72 400
3 418
35 434
37 486
73 438
31 425
2 492
55 477
63 439
60 467
44 449
34 448
59 464
73 406
23 411
2 444
1 449
3 405
29 464
30 446
92 445
56 459
52 410
16 415
21 471
74 425
23 449
36 474
24 412
84 488
95 416
90 445
92 495
60 441
83 480
68 428
67 451
24 408
4 476
29 453
37 441
100 457
9 459
28 454
56 483
74 478
12 465
82 423
66 470
7 487
79 491
83 493
75 480
51 460
25 438
69 460
71 463
60 499
14 427
18 490
89 405
59 455
55 434
45 429
87 401
78 458
31 419
97 409
71 493
84 456
47 496
30 407
59 482
73 410
15 486
34 415
34 434
23 424
38 411
68 492
33 454
82 459
11 405
81 483
56 412
45 464
94 430
62 411
86 443
30 411
83 482
59 444
80 425
54 413
100 404
27 443
90 420
94 454
86 406
58 431
8 495
88 407
55 404
98 492
43 456
60 441
83 481
62 495
30 472
43 473
74 465
14 495
25 459
60 498
84 456
77 410
17 428
74 498
77 498
26 445
70 463
27 469
5 493
31 428
60 427
84 448
58 435
45 427
51 431
62 436
65 413
34 416
19 469
62 445
73 440
85 438
84 406
62 419
75 480
74 476
62 444
7 440
43 496
20 464
54 492
85 435
46 443
81 452
24 468
54 406
45 407
73 453
80 427
39 402
73 484
19 415
37 408
45 438
45 417
58 401
36 467
85 488
5 464
21 431
26 479
84 404
59 457
68 435
30 497
96 459
9 499
81 424
100 439
69 425
49 451
68 479
77 410
54 414
89 411
48 405
24 453
89 481
47 400
35 479
18 488
10 449
57 400
93 427
76 453
53 470
26 460
10 474
100 410
19 418
95 431
4 433
3 474
13 406
59 458
98 414
41 403
61 461
84 442
44 422
31 435
71 472
48 430
96 405
37 420
45 400
93 458
54 479
18 422
32 402
17 473
93 483
75 480
65 402
51 467
7 411
15 463
5 485
80 456
25 465
4 458
100 479
38 471
14 488
73 413
94 418
65 431
47 428
34 454
41 409
49 494
9 470
56 423
69 417
13 417
19 421
58 478
88 404
87 466
87 404
16 427
50 461
41 438
41 473
52 425
79 437
30 495
97 452
88 489
15 437
3 443
48 446
2 462
49 442
55 455
99 418
76 444
21 460
51 413
40 412
36 461
69 403
38 490
70 448
61 411
1 405
67 445
5 491
16 492
95 490
50 466
24 491
88 476
95 402
22 492
93 410
38 459
8 479
82 479
81 459
2 432
49 436
79 415
70 441
61 451
5 495
12 407
59 494
37 499
36 432
47 491
11 413
27 417
28 460
65 415
38 457
16 495
57 403
14 429
7 496
3 418
96 402
10 470
88 468
13 489
4 454
77 478
49 437
74 400
96 403
52 428
65 457
86 442
55 469
37 479
67 455
97 407
20 443
35 432
10 401
26 455
34 423
28 469
18 438
36 469
86 415
65 435
41 480
72 448
44 423
10 437
23 499
96 497
69 405
12 479
51 448
92 471
28 459
40 460
19 447
11 418
68 433
94 469
100 453
83 453
63 445
24 459
31 443
10 432
67 404
91 453
17 409
38 411
92 468
86 467
100 468
77 440
91 416
87 440
92 481
33 429
18 434
95 417
39 480
86 420
9 477
18 472
5 458
4 477
35 480
97 450
1 482
90 432
99 413
86 477
90 472
21 416
87 450
4 431
7 409
53 437
64 452
1 441
95 472
74 411
36 483
66 490
78 473
80 481
43 431
29 493
18 477
52 482
51 446
58 470
23 471
81 459
65 480
6 413
91 410
80 479
77 458
15 477
74 468
29 478
45 468
84 415
88 420
12 431
94 494
26 452
86 477
25 490
49 474
67 455
45 462
95 419
44 440
94 456
22 436
24 481
27 477
9 450
63 466
64 432
68 493
70 479
57 484
42 439
95 430
39 450
32 464
71 466
58 422
47 452
71 416
2 477
82 404
62 424
28 455
16 483
28 400
84 465
12 452
42 440
46 407
79 432
13 461
6 484
43 456
12 439
90 425
6 454
74 453
59 444
55 466
21 453
72 491
56 476
79 484
8 466
49 453
30 448
68 468
74 441
27 417
59 439
70 450
28 464
3 483
78 466
100 452
10 439
58 405
96 426
41 489
72 418
89 473
4 462
33 443
30 433
10 402
16 491
86 424
37 427
36 411
93 494
7 409
59 439
55 402
50 445
4 418
7 430
86 463
6 454
91 415
39 492
23 434
5 414
1 483
47 459
15 445
39 416
39 436
89 451
63 467
89 412
86 428
100 472
100 442
98 484
20 459
75 414
71 494
80 482
64 470
49 444
46 484
81 468
14 441
99 433
21 476
46 419
32 482
47 407
54 455
11 432
42 484
29 459
94 454
52 410
11 438
12 498
10 448
5 402
98 477
97 483
7 460
80 477
38 421
25 434
82 469
98 454
6 413
30 455
4 405
98 466
98 446
86 433
87 486
1 486
84 432
8 460
95 444
15 480
84 425
52 451
82 477
9 462
76 404
60 462
13 467
85 402
64 459
30 465
96 402
49 400
80 437
63 456
70 407
32 467
73 445
31 421
91 427
55 445
8 425
70 473
36 417
45 482
7 452
12 407
59 455
24 481
81 429
6 463
16 486
77 462
58 442
67 472
81 490
44 477
69 485
96 474
94 487
38 486
41 406
85 433
98 498
62 439
5 487
61 469
21 413
24 438
83 451
18 464
63 466
9 479
88 432
83 427
44 400
17 414
99 409
8 425
10 407
95 471
18 464
61 466
40 403
41 481
8 481
83 457
15 440
45 424
78 457
86 450
75 405
97 410
37 456
85 421
91 445
52 458
9 487
21 406
2 468
23 496
13 447
39 443
19 460
44 462
32 421
9 433
54 473
55 403
94 415
69 431
9 472
84 494
86 421
62 445
40 473
94 403
66 406
41 414
28 425
91 499
41 463
97 426
76 401
29 467
100 499
51 430
67 401
43 421
44 442
87 435
83 446
6 403
86 421
57 426
30 496
33 418
40 428
73 419
44 473
85 499
65 456
7 421
38 404
38 466
65 465
76 428
70 498
8 478
82 429
67 436
85 489
10 418
84 499
73 459
63 400
87 404
58 414
54 478
66 408
75 436
15 479
53 473
76 402
7 430
14 478
60 462
84 479
95 417
22 405
13 466
41 450
53 408
99 467
86 472
31 434
57 457
83 479
23 488
40 489
7 473
94 451
3 425
29 462
83 478
82 478
50 420
90 481
37 417
28 426
46 439
49 457
9 432
41 470
97 454
11 412
5 437
53 441
12 414
18 495
66 449
48 425
88 437
89 474
51 418
36 433
19 447
72 446
57 417
85 495
3 420
37 447
28 437
49 415
76 443
24 490
100 494
24 427
41 497
24 404
33 482
4 444
35 496
23 492
84 416
26 439
46 496
38 429
64 432
16 414
98 498
18 450
34 489
65 439
71 480
81 464
53 463
65 421
69 454
59 408
71 449
98 462
73 496
2 419
61 468
83 453
26 493
82 436
11 462
16 458
45 462
85 413
42 464
1 497
42 453
44 470
25 484
55 495
44 499
20 496
32 472
94 453
85 446
58 431
36 489
73 451
83 455
28 457
89 401
88 414
16 489
10 405
82 405
34 447
32 412
89 469
81 420
49 446
46 436
32 412
75 430
52 431
10 435
74 400
49 474
16 424
69 495
24 466
6 445
30 429
20 413
73 401
6 400
63 431
57 475
90 411
59 426
21 481
33 411
90 404
34 499
95 451
89 497
24 400
22 486
21 429
100 409
72 413
5 488
77 489
78 475
52 415
41 431
3 426
69 489
77 446
20 408
26 422
6 493
52 440
17 425
73 413
48 408
94 416
33 472
15 403
14 448
16 440
39 418
40 466
44 411
43 404
80 413
93 445
66 473
85 445
7 411
72 479
81 414
43 447
42 424
21 498
48 470
9 424
100 476
94 472
100 479
96 410
77 411
32 497
25 431
71 432
1 470
20 439
26 499
30 466
45 465
27 441
41 449
94 460
64 407
46 425
88 467
16 416
71 412
3 466
13 425
94 441
70 448
45 442
92 499
4 456
81 461
49 469
32 425
76 435
32 465
31 480
5 410
51 469
19 445
13 411
12 413
5 435
82 403
57 448
30 486
13 458
55 433
58 465
37 474
27 422
3 417
71 430
58 443
84 437
36 451
28 433
42 418
97 470
62 481
54 420
4 461
13 435
93 482
11 450
52 432
86 492
33 478
40 410
99 436
40 481
99 456
98 439
73 459
31 424
33 405
54 431
54 490
59 412
25 422
84 484
86 440
67 467
10 450
32 465
25 420
43 421
14 434
91 478
15 494
32 466
47 415
27 460
69 406
77 400
3 487
73 470
22 432
84 427
15 480
61 443
79 495
53 428
83 439
1 473
95 406
3 491
80 499
30 496
44 442
97 404
73 456
29 485
88 446
54 413
23 432
59 435
13 493
33 471
1 413
67 421
46 447
47 481
41 465
6 462
55 460
84 484
13 424
22 444
29 448
65 453
39 418
16 406
59 410
89 469
25 475
52 426
83 437
67 444
97 497
21 431
91 426
41 423
26 405
6 472
96 440
41 466
62 434
70 427
94 442
19 471
6 460
5 463
98 424
40 413
45 467
57 443
83 435
74 466
81 494
58 468
53 420
42 465
84 456
15 443
5 417
100 412
24 422
30 421
59 424
78 476
8 459
15 481
75 478
26 476
1 499
6 469
41 454
99 481
29 412
29 409
61 463
76 457
56 496
15 455
15 418
97 480
74 441
87 433
87 485
72 478
78 480
66 423
83 405
77 475
46 442
13 450
100 473
90 422
1 430
35 402
93 420
81 493
55 461
81 432
56 415
29 451
60 477
37 449
75 437
48 495
46 439
18 470
84 405
96 450
59 456
84 465
29 407
17 481
60 419
61 450
90 424
81 468
60 482
44 439
61 409
84 480
2 473
18 440
9 448
44 406
22 490
44 461
8 492
98 457
28 464
6 463
11 436
15 456
85 431
27 431
98 419
61 494
48 469
71 444
21 495
91 449
43 496
84 478
53 485
16 400
55 490
53 425
89 407
25 468
68 448
46 430
49 458
90 459
14 432
54 439
78 432
29 460
5 419
56 443
40 496
71 408
2 411
58 495
3 493
69 480
72 401
17 423
27 419
88 484
92 444
35 421
48 481
22 442
84 453
35 492
50 463
63 437
56 453
29 475
42 446
44 459
89 479
40 428
87 492
75 408
96 447
62 493
41 429
65 460
53 475
83 438
78 464
27 404
1 462
26 437
40 486
18 430
3 480
2 445
29 466
71 420
44 419
42 468
51 427
64 497
43 414
78 429
64 438
5 477
14 429
96 431
47 465
27 440
95 458
8 411
65 465
68 439
75 466
33 498
14 493
21 466
51 440
89 424
61 421
39 487
66 461
77 478
19 400
79 462
40 443
54 470
88 409
62 439
26 435
9 474
40 478
45 435
95 415
68 456
28 417
10 487
93 416
87 477
59 441
81 459
42 485
20 477
29 487
48 416
96 422
71 496
91 430
48 491
97 441
55 429
41 497
65 484
56 401
98 461
83 401
14 416
66 446
69 421
4 481
31 428
77 411
35 473
70 465
77 455
68 476
41 490
84 463
26 447
77 468
8 445
47 465
94 413
71 408
91 405
2 413
79 452
22 462
36 485
58 495
82 462
81 491
75 459
90 450
15 468
11 425
28 443
24 475
73 449
77 498
56 470
62 497
100 458
81 487
68 487
13 400
85 477
71 438
22 465
66 423
89 462
67 488
57 483
96 413
74 484
68 428
57 495
28 451
37 474
97 482
69 476
10 492
75 488
34 484
100 476
65 480
12 465
55 493
16 498
90 422
87 400
21 457
6 437
61 422
72 452
43 455
40 419
62 447
12 438
63 483
13 467
85 454
48 478
10 424
45 492
43 446
42 470
7 495
3 492
64 458
87 430
17 430
93 429
31 410
27 463
76 434
23 455
69 473
33 485
96 450
68 416
5 492
4 425
95 465
63 463
85 438
35 479
82 451
99 490
56 419
54 488
88 485
72 464
38 402
70 497
6 449
32 455
39 470
73 487
44 407
27 426
52 408
40 417
94 439
48 425
85 419
27 465
8 436
93 457
90 467
68 451
27 486
3 404
50 419
21 432
46 446
19 435
2 411
61 461
70 400
14 434
83 447
87 465
6 432
2 438
36 430
71 470
40 478
31 468
89 479
55 497
17 484
83 479
86 423
60 446
57 488
26 423
89 409
42 421
81 435
39 456
32 481
59 471
19 483
57 455
84 454
53 410
38 474
51 493
97 488
35 400
27 473
32 473
19 443
4 420
93 458
60 427
11 446
84 430
74 447
37 416
43 416
61 418
48 488
39 415
6 478
91 445
17 409
100 403
6 484
56 475
63 494
76 446
83 415
65 474
1 496
83 475
51 466
64 498
51 443
50 425
33 470
64 455
22 494
18 442
21 403
84 490
42 485
17 414
7 446
92 460
26 408
26 497
39 406
13 413
44 437
9 412
6 498
30 430
2 414
93 493
84 466
74 456
74 424
33 438
48 426
27 431
75 406
51 422
80 437
2 452
18 424
60 404
98 435
100 427
10 468
86 430
59 408
51 457
64 484
60 467
88 443
63 460
63 430
94 461
60 492
53 430
93 498
31 436
60 454
56 462
93 404
13 437
55 493
11 439
47 488
56 456
50 481
35 470
3 435
15 403
13 401
31 448
18 477
5 485
56 453
48 438
59 418
6 440
59 421
17 495
51 407
96 470
35 428
13 446
2 463
54 408
79 497
68 434
68 488
20 466
95 470
97 419
48 490
84 432
36 488
39 484
1 431
43 445
58 400
67 431
92 465
42 442
12 409
100 407
15 410
98 472
60 403
26 459
25 416
57 455
29 422
11 451
80 495
46 492
43 481
75 454
5 477
65 484
78 400
99 407
92 437
80 434
51 454
33 499
49 472
47 421
58 419
74 403
4 483
41 496
94 419
47 407
98 420
89 448
89 429
40 467
58 480
62 489
9 486
76 410
77 418
71 450
55 407
40 466
78 431
16 416
92 462
31 401
58 424
39 459
63 426
69 479
69 431
92 485
89 462
92 482
92 430
93 400
1 411
20 424
40 455
46 453
96 491
81 473
98 442
23 444
2 446
100 423
41 430
73 441
87 448
49 463
70 464
65 442
47 489
32 455
21 455
61 478
10 416
83 418
60 438
36 444
85 449
49 401
87 469
58 417
16 403
55 494
51 461
94 414
97 466
94 456
78 443
39 408
19 418
63 453
14 461
64 438
65 459
74 444
14 484
91 483
62 455
18 439
72 443
37 401
28 499
31 421
1 451
85 462
46 438
15 489
60 405
5 443
13 464
98 402
23 499
64 444
92 432
373 271
163 307
207 244
465 61
463 80
480 43
239 414
334 266
107 91
417 441
