74 38
85 52
33 81
73 11
71 59
67 87
86 98
30 48
34 43
52 77
70 67
13 14
84 11
63 35
41 55
76 40
10 61
37 95
68 36
96 21
21 15
81 73
84 100
60 86
9 48
25 47
20 61
80 8
31 61
71 74
10 61
78 38
99 30
38 95
22 71
21 81
18 71
97 46
44 16
33 71
1 88
48 50
87 42
21 83
92 57
10 27
53 60
45 69
88 30
56 71
92 72
4 51
42 19
96 86
81 5
63 25
9 17
71 58
88 31
32 77
84 44
92 12
77 29
48 7
61 60
59 80
41 94
49 42
76 64
59 13
93 87
13 86
74 9
80 43
90 74
25 12
26 52
65 15
43 99
7 89
83 60
47 47
47 14
40 92
44 21
65 51
41 46
91 11
79 8
58 16
54 18
92 66
15 16
74 61
10 2
22 31
54 50
84 66
51 42
13 51
47 82
89 55
4 27
92 16
45 40
16 91
31 32
45 33
54 20
61 42
84 63
80 73
49 95
71 69
16 45
20 92
93 88
9 22
59 65
58 28
68 11
72 50
98 18
8 97
20 25
3 22
69 100
79 7
85 70
2 58
26 23
94 7
61 54
68 84
33 65
48 37
51 100
37 82
50 3
22 60
97 70
41 68
91 28
70 44
53 31
6 39
63 65
81 43
40 8
74 41
83 18
67 45
70 68
23 75
80 11
77 13
44 4
17 81
99 56
50 81
82 11
12 86
92 94
14 98
89 22
99 33
20 16
37 77
47 54
42 21
68 91
78 95
25 89
36 69
67 22
65 70
80 17
46 41
8 91
42 58
81 49
51 63
13 75
31 77
3 6
2 83
17 58
14 35
81 99
39 8
27 89
44 83
22 41
2 21
57 98
55 28
23 48
98 81
22 44
1 77
73 52
11 94
56 84
19 17
24 18
29 42
67 53
99 44
97 48
70 73
15 53
35 32
100 64
48 97
30 94
83 60
95 33
45 22
68 38
15 73
9 76
73 87
30 67
91 28
64 49
8 55
47 24
40 81
36 44
33 28
78 61
98 32
49 64
44 39
66 83
68 58
65 47
45 62
56 82
62 100
55 36
39 21
5 69
48 41
30 88
25 94
97 78
76 79
92 42
81 21
81 79
96 50
60 50
76 20
2 42
38 12
16 74
83 64
36 46
82 62
87 36
89 86
12 68
35 14
84 5
58 11
38 11
98 71
1 50
66 21
88 52
57 64
25 78
95 48
41 38
82 81
54 41
91 98
98 51
73 33
60 39
80 91
85 94
54 38
40 22
82 93
21 47
45 48
6 4
29 73
15 58
72 90
16 2
65 56
28 76
72 19
97 76
16 47
61 36
64 51
2 50
22 99
34 23
4 71
88 20
36 74
75 77
87 65
68 59
73 29
30 86
59 74
10 86
100 64
27 9
4 29
15 2
49 41
14 37
92 99
43 7
100 57
29 31
85 1
47 69
13 84
87 17
81 88
60 59
66 66
2 46
38 82
54 87
28 89
10 72
8 46
14 92
5 64
8 84
1 52
93 95
11 95
8 38
32 70
42 91
48 48
67 38
42 32
96 92
49 16
57 76
8 81
85 76
32 40
68 25
20 16
21 81
65 69
92 72
23 48
29 24
76 8
85 78
76 28
60 18
77 66
52 58
56 92
86 73
63 1
54 9
8 86
24 16
34 17
96 11
10 5
69 12
81 44
85 45
16 2
43 8
68 86
79 52
4 54
79 78
43 98
6 81
50 37
29 67
41 24
67 3
37 75
45 86
59 93
14 51
86 5
9 82
51 26
13 57
84 96
72 28
53 53
83 51
42 31
77 78
80 70
42 29
92 12
53 91
6 27
45 4
59 79
69 44
80 4
23 98
76 35
14 37
71 88
38 89
69 18
11 37
74 46
84 60
15 93
27 82
82 57
10 37
89 14
35 71
12 45
96 97
12 1
24 100
38 68
10 27
57 32
52 13
11 10
78 65
95 78
76 55
47 29
60 13
82 55
1 18
4 73
49 33
4 50
67 89
67 53
68 23
20 95
59 85
47 20
68 38
34 15
15 90
93 89
76 56
24 2
60 89
43 84
53 86
12 92
11 89
97 46
36 35
52 47
33 10
3 41
53 73
17 35
2 44
44 26
25 83
85 39
19 29
80 9
69 25
49 18
99 91
67 17
93 43
31 86
14 22
97 73
26 54
48 96
97 16
56 60
68 77
47 2
20 60
69 18
84 85
5 75
16 71
87 72
44 25
48 58
17 36
14 88
98 60
76 36
9 19
85 83
20 10
80 18
83 89
29 49
43 26
90 64
85 45
60 88
52 55
78 97
99 9
38 90
78 35
67 48
14 75
88 22
90 54
99 28
33 93
8 11
78 37
94 5
39 10
90 45
1 64
11 57
55 79
86 90
93 47
71 80
31 87
15 78
74 6
68 100
5 66
21 12
48 37
23 37
86 73
81 59
37 17
54 79
22 25
72 33
32 96
83 63
85 68
19 15
63 58
35 82
73 11
18 3
2 2
99 54
69 55
65 49
58 69
95 22
43 39
78 35
71 7
50 19
79 8
21 73
34 32
28 9
82 41
14 66
79 9
60 34
76 15
14 5
56 4
70 36
39 94
50 16
45 36
70 18
18 10
68 92
90 42
59 43
22 19
86 23
76 57
25 10
68 65
24 17
80 3
67 83
34 5
34 31
46 97
50 53
17 90
11 16
60 67
56 22
89 13
44 63
13 10
62 2
49 57
63 82
2 72
86 20
27 64
72 6
24 68
18 4
33 4
64 24
27 43
95 11
87 39
1 14
1 61
91 14
26 56
27 64
85 49
79 51
58 43
78 35
16 20
18 34
94 57
74 33
100 39
68 58
59 94
33 71
76 92
44 38
16 37
80 66
50 98
78 36
8 59
91 15
57 90
38 97
3 33
89 63
78 82
83 35
53 49
49 4
63 90
69 17
74 89
19 26
8 10
100 87
65 8
87 50
65 69
86 63
4 22
52 6
51 29
29 61
98 52
87 11
46 92
98 52
33 10
38 50
92 5
7 35
25 60
38 44
84 81
18 57
50 30
9 18
64 94
12 13
58 68
88 1
64 4
11 27
65 78
63 83
29 99
81 33
54 1
52 68
87 78
6 23
97 40
35 62
23 95
86 88
72 68
25 50
50 25
72 46
81 81
52 73
36 1
48 21
67 26
33 4
30 73
2 61
13 13
6 72
56 36
53 63
53 4
69 2
91 47
90 33
33 85
67 3
84 50
90 55
42 75
17 62
32 5
43 50
37 87
63 14
14 51
35 77
56 41
55 40
32 27
27 63
83 4
95 63
7 10
97 15
8 1
40 95
34 78
47 100
13 48
12 28
74 74
98 17
10 50
53 82
45 12
24 69
96 25
59 71
90 78
47 28
60 99
6 86
99 57
48 29
34 24
26 24
4 61
92 54
82 51
30 50
21 82
42 35
15 17
17 92
47 40
63 83
38 46
80 97
84 97
60 50
92 22
41 13
59 98
84 53
81 41
86 1
12 42
19 29
22 59
20 86
14 15
52 49
24 60
96 82
68 54
85 59
22 58
98 6
19 67
54 26
59 30
89 99
60 27
13 75
5 75
56 21
82 48
72 15
67 39
52 74
88 9
1 71
100 64
27 92
93 43
34 41
71 5
66 71
94 97
95 16
61 33
9 96
4 13
26 60
66 27
78 5
72 37
6 24
12 81
2 55
9 99
36 18
81 95
52 86
41 45
52 14
62 82
63 89
88 77
34 47
19 74
40 43
3 10
43 72
48 28
85 55
86 98
88 96
31 78
40 17
11 54
54 51
83 45
70 38
97 37
68 91
2 50
64 28
89 93
76 60
4 69
78 83
69 68
34 68
31 9
59 2
76 4
88 64
44 27
10 56
87 83
44 97
100 31
12 67
100 49
12 80
53 12
80 5
89 97
2 14
33 52
69 18
97 3
86 73
71 75
31 59
39 70
31 53
33 35
43 74
89 30
45 83
43 14
18 19
75 70
64 34
66 20
30 12
26 56
100 21
29 81
82 62
57 75
11 3
100 32
85 95
71 88
82 3
25 71
26 30
43 30
80 48
29 68
67 66
6 58
26 37
61 17
5 59
100 44
17 6
74 65
25 14
16 68
80 62
59 25
95 10
28 17
23 91
99 97
38 2
1 70
48 2
77 64
14 68
89 44
30 16
30 59
25 89
88 9
77 1
82 66
89 34
30 32
47 93
24 81
65 73
5 11
62 50
69 85
51 54
64 7
44 31
89 13
4 75
4 48
30 80
2 93
32 84
70 38
57 64
59 82
70 7
63 97
80 33
30 16
26 81
92 62
40 8
11 71
18 99
8 43
39 83
67 19
52 38
60 23
74 1
69 100
43 32
14 4
31 97
64 42
13 81
61 96
47 87
95 93
88 26
99 56
60 73
99 62
37 85
67 44
33 23
25 13
66 79
88 5
25 65
14 90
22 57
88 57
40 32
17 80
32 56
69 39
94 8
97 61
80 13
52 76
85 68
36 79
29 86
69 31
88 52
97 100
88 18
45 90
78 86
58 79
35 25
100 2
23 58
99 57
67 14
63 63
64 94
89 1
47 55
2 78
94 59
72 24
86 40
91 34
3 22
74 47
49 72
30 23
81 52
82 76
19 79
43 42
85 79
77 92
4 95
23 35
1 70
4 23
18 3
47 57
38 56
28 86
23 11
55 6
82 70
33 85
93 78
88 76
80 53
100 79
16 17
19 85
15 60
65 41
23 23
56 51
91 32
89 14
71 16
96 45
92 75
8 32
39 9
87 57
96 64
97 30
31 3
75 8
26 23
34 92
33 84
51 77
14 10
37 55
75 72
96 38
90 57
45 74
75 9
88 41
63 86
17 61
29 3
30 45
69 69
99 10
84 77
91 18
79 1
87 11
81 99
25 5
3 54
50 46
51 85
90 77
92 41
47 33
90 39
81 63
99 99
89 34
76 27
25 87
6 7
31 100
35 84
4 92
77 23
35 64
85 51
58 8
44 71
84 81
58 33
47 58
50 97
4 52
42 30
57 91
95 46
6 81
48 53
87 45
71 12
25 85
24 17
39 39
61 74
31 58
45 45
41 22
41 3
87 97
76 50
18 34
66 59
48 59
95 68
78 3
61 84
15 47
47 69
78 37
36 31
33 86
91 73
31 76
4 9
55 76
11 23
61 44
83 38
72 85
54 94
40 99
3 61
11 33
36 57
39 62
77 77
37 76
41 48
8 99
23 58
63 10
75 84
97 50
63 94
67 19
64 31
30 95
73 9
18 68
2 73
45 70
73 38
73 9
33 9
57 100
94 15
44 65
97 78
95 3
36 29
92 34
1 51
60 14
59 57
58 90
89 75
76 82
94 52
34 79
9 25
85 18
97 100
2 19
3 81
46 19
47 25
20 81
69 61
29 73
66 49
55 82
73 94
37 41
65 16
98 29
39 76
21 17
97 49
48 60
87 41
35 75
29 55
58 56
40 6
65 54
80 81
9 41
30 93
56 87
87 46
9 7
29 38
56 57
36 54
70 54
71 42
66 74
56 11
91 31
50 66
54 28
70 36
90 1
100 9
84 25
78 42
22 45
13 26
67 59
43 90
94 47
81 35
38 84
58 4
11 27
3 57
65 31
88 88
49 85
91 14
66 82
76 91
98 16
97 61
57 74
27 22
53 94
40 13
39 98
74 32
13 7
36 67
69 96
3 91
72 50
8 15
34 18
96 71
41 8
12 64
88 46
78 66
90 32
68 69
15 71
31 45
6 43
11 20
83 46
29 90
88 38
89 58
11 86
2 72
90 47
26 56
9 48
38 94
19 4
53 64
99 55
35 48
1 24
65 39
22 33
64 13
64 36
35 57
45 32
45 43
29 79
71 36
94 79
29 94
96 2
82 33
54 27
9 97
19 81
95 89
24 10
91 43
76 4
87 65
77 35
87 84
83 23
79 35
11 3
25 9
86 95
73 11
30 29
25 4
87 22
99 70
13 48
37 86
78 51
7 66
67 96
75 82
84 44
14 84
15 9
77 69
57 29
78 69
67 28
3 32
6 68
7 50
10 87
48 60
24 64
1 20
70 49
37 79
3 85
4 88
19 84
57 56
20 31
11 52
98 53
79 63
88 18
13 33
91 60
87 78
78 39
64 87
95 21
17 65
85 66
45 55
27 72
16 71
95 34
89 36
11 30
5 67
44 16
47 30
51 93
62 32
49 53
95 62
77 1
76 53
49 87
29 29
66 81
56 38
8 56
60 5
21 10
49 1
34 83
68 18
51 9
97 73
80 25
28 14
41 71
20 11
92 25
52 54
88 84
92 64
24 56
36 43
28 73
60 40
56 18
100 45
34 57
36 35
93 55
22 79
3 9
74 90
78 71
3 49
70 76
24 10
50 2
98 5
98 64
36 14
11 33
3 31
9 83
35 40
13 83
73 29
2 23
10 64
50 89
40 32
12 82
68 61
68 47
56 80
44 86
26 37
14 85
32 28
68 94
98 61
10 2
9 40
34 11
21 23
56 60
21 93
69 25
85 47
30 82
88 32
13 68
59 79
83 40
45 27
30 90
49 62
24 7
90 91
57 71
41 80
22 39
32 25
58 17
21 24
69 47
68 89
67 72
81 62
10 44
30 58
39 68
88 55
7 47
8 99
44 27
24 67
73 26
95 87
82 38
5 34
85 59
6 55
98 52
86 58
64 89
5 15
28 51
72 7
77 73
19 48
34 61
72 68
84 38
64 49
70 57
81 4
89 77
8 29
55 91
84 65
53 42
91 67
57 92
99 40
69 21
15 62
84 59
71 87
64 30
57 77
10 9
42 13
30 77
80 89
74 66
69 30
24 83
72 49
37 37
55 60
53 3
84 97
81 25
88 15
100 70
25 76
77 86
94 94
35 8
29 9
50 84
48 20
66 4
100 35
9 64
38 60
6 44
15 49
95 29
3 65
50 7
20 54
72 81
63 35
69 1
23 2
4 77
77 88
42 74
24 35
69 41
30 88
15 43
26 81
26 37
83 65
46 99
54 23
54 41
55 75
35 96
66 51
79 74
64 10
57 8
26 63
4 98
61 75
4 80
71 62
95 40
74 67
65 17
79 31
3 46
24 8
50 77
94 42
40 34
29 77
86 30
20 65
90 97
13 75
43 48
100 96
50 27
39 6
87 74
39 93
29 37
9 12
66 9
7 65
15 5
8 39
82 81
52 61
96 57
13 26
70 50
99 91
58 13
58 8
99 64
14 98
58 49
62 20
10 67
5 45
83 67
57 26
36 40
68 9
14 63
73 89
33 30
14 90
80 42
23 47
98 26
84 70
46 78
19 84
19 72
20 10
16 97
76 27
50 35
79 63
27 58
16 8
57 17
63 7
35 50
11 88
88 40
57 69
70 16
63 76
100 18
16 92
79 30
81 46
61 71
60 57
8 46
88 14
69 14
25 24
64 74
12 79
43 3
77 91
66 48
96 88
70 19
58 27
60 63
8 11
83 31
57 85
52 28
12 61
7 1
48 62
67 41
3 56
50 86
53 35
93 89
65 31
20 95
40 18
66 86
37 66
40 75
41 16
16 66
97 19
12 6
8 77
31 71
72 6
99 6
91 7
99 16
71 70
47 76
91 6
70 89
1 10
59 11
20 21
12 50
61 45
38 2
17 60
73 85
60 42
23 89
33 9
94 64
56 89
23 40
4 71
59 20
78 28
9 56
34 42
7 64
77 19
9 68
83 45
60 94
85 89
29 13
81 86
7 65
53 28
59 11
37 25
54 53
30 60
66 5
87 89
61 87
1 5
93 69
18 58
56 6
53 97
94 25
41 49
93 47
38 75
75 19
52 52
27 62
35 30
81 67
83 75
59 27
65 18
92 76
94 40
47 22
14 66
9 58
83 48
66 31
40 41
65 46
36 7
73 79
55 82
78 25
90 84
9 20
58 64
57 5
51 59
75 73
38 86
99 83
9 33
26 68
33 23
62 12
44 12
17 30
97 15
91 75
13 36
6 95
10 65
74 84
29 91
72 83
40 63
35 88
54 93
2 66
10 73
41 19
2 61
34 73
20 79
21 61
82 22
43 79
7 66
72 90
65 15
63 73
87 58
58 70
18 88
78 34
44 59
52 13
61 83
97 23
30 44
19 68
66 68
95 24
79 95
86 6
29 13
63 90
93 19
20 4
65 10
29 71
26 5
15 85
9 77
29 93
18 2
2 27
62 68
3 79
40 3
24 28
58 99
78 42
57 78
76 42
95 91
52 73
59 86
27 4
30 81
51 90
88 95
65 46
68 23
59 87
53 60
40 65
85 98
1 70
23 91
90 84
4 98
38 97
65 100
28 49
8 65
34 82
60 90
10 82
82 69
14 84
97 52
88 68
45 97
86 68
87 29
36 39
88 68
100 93
15 93
93 12
59 7
11 97
70 98
45 98
62 9
77 70
66 24
100 69
37 94
13 34
25 21
59 62
75 9
73 12
25 70
6 97
67 17
6 96
70 60
87 38
6 89
47 6
3 72
17 45
59 15
82 88
65 43
78 86
93 65
22 91
31 19
97 85
13 43
30 62
96 96
60 91
41 51
81 15
68 75
14 79
42 30
16 81
16 31
87 53
34 48
31 68
17 47
27 35
75 39
88 44
29 50
91 23
23 44
26 46
33 71
17 7
13 73
31 89
100 69
54 21
91 41
75 74
79 83
7 19
34 91
39 49
67 17
89 13
12 52
87 10
58 46
47 69
38 16
100 52
90 64
20 90
54 97
87 34
1 44
51 18
67 25
4 49
27 47
29 14
64 31
91 15
79 77
42 22
76 73
23 7
11 6
1 3
45 73
90 2
79 28
43 27
84 67
90 8
70 74
100 96
35 36
91 93
53 56
10 65
19 18
83 13
65 9
52 52
86 26
1 61
93 23
84 50
95 81
30 87
42 87
26 38
13 96
99 77
82 31
34 43
59 5
29 62
6 2
6 37
67 87
23 52
35 39
74 72
74 69
15 5
5 94
42 97
86 44
78 22
51 69
35 43
57 48
92 39
36 73
30 70
38 87
85 49
86 67
56 20
63 34
59 46
1 23
88 7
6 42
21 49
64 60
13 33
99 72
69 59
41 57
37 12
21 61
7 51
68 22
15 34
33 83
99 22
24 53
13 82
57 62
43 68
38 74
3 93
74 32
7 94
20 79
46 63
99 82
32 18
59 5
74 31
56 25
65 38
81 89
73 14
91 78
49 57
71 72
85 12
6 94
47 17
20 52
82 37
88 90
28 7
81 100
34 42
35 40
41 94
28 83
63 6
57 100
2 20
45 2
77 93
80 52
57 90
43 38
81 60
4 97
52 69
76 82
66 39
76 12
6 84
40 75
88 38
37 5
55 19
91 95
4 80
82 43
88 40
68 53
46 67
95 83
56 48
62 77
51 42
46 24
25 34
3 93
59 2
13 45
20 16
88 5
37 34
30 3
20 88
91 3
94 43
9 99
75 53
13 63
41 80
45 2
58 27
24 16
25 71
95 4
96 30
66 70
77 54
74 40
59 16
24 10
80 10
58 66
42 50
48 41
99 64
41 36
52 44
19 78
82 91
65 38
44 46
36 51
79 24
32 98
94 67
59 84
33 11
86 8
77 6
35 95
26 79
99 23
79 91
25 65
25 93
66 38
11 39
22 24
61 1
83 56
48 14
8 55
88 23
5 85
23 74
58 65
97 87
49 58
4 7
92 50
31 10
41 33
6 49
68 56
51 56
74 31
59 55
96 4
90 44
23 93
16 44
85 75
29 3
88 47
79 17
21 25
11 96
32 56
24 76
66 65
90 37
87 43
27 20
29 34
90 45
85 31
49 95
32 4
77 76
81 24
15 19
92 69
22 10
82 72
54 81
20 57
86 72
33 16
9 65
64 3
45 42
93 4
6 4
27 49
42 76
18 67
81 64
70 48
91 25
63 88
7 87
54 21
90 98
56 42
85 73
42 17
23 100
25 84
26 73
54 62
28 10
96 18
69 32
69 48
55 60
15 11
52 15
40 69
27 30
64 48
58 24
13 5
27 54
83 79
74 37
73 47
46 34
40 58
62 36
51 6
89 43
74 84
85 40
98 33
64 33
1 35
57 26
19 83
74 60
73 69
69 53
97 96
80 49
41 70
32 79
26 14
78 46
80 88
85 38
97 28
74 42
7 39
1 80
74 19
47 11
97 2
28 11
84 16
28 34
90 44
12 61
56 83
46 90
1 7
29 77
87 60
37 9
91 32
99 48
48 32
11 50
25 97
51 26
79 8
55 9
9 34
90 43
15 79
92 38
6 61
80 22
70 19
40 62
55 54
18 25
92 32
34 61
24 75
65 42
7 20
68 78
21 1
9 80
29 52
53 31
93 5
63 32
96 46
11 10
4 16
15 60
37 13
23 8
62 28
87 68
74 24
84 86
46 41
6 88
37 71
44 55
31 1
21 59
95 41
88 36
11 36
6 39
33 88
30 68
3 84
60 3
70 40
58 56
4 54
8 47
63 96
50 40
53 43
59 52
49 83
44 4
42 28
94 33
43 25
44 61
79 6
48 7
34 79
20 25
79 7
100 98
11 35
34 66
85 64
73 86
20 46
66 87
35 81
75 51
11 43
33 49
22 96
41 40
85 71
74 40
55 10
21 40
69 19
29 15
29 68
10 33
55 48
7 40
20 87
71 88
69 16
64 78
24 24
53 19
61 30
98 57
84 1
4 6
5 98
11 89
76 58
14 57
14 34
2 59
31 69
23 72
25 38
86 35
17 31
20 92
81 93
9 48
14 61
5 51
39 42
63 64
89 12
19 23
72 32
89 53
34 29
2 59
39 86
18 52
93 61
3 65
45 16
2 94
25 38
35 95
71 40
41 62
62 72
46 82
23 89
80 77
59 97
30 98
19 28
53 74
13 26
22 76
37 38
6 54
97 83
67 18
17 99
11 49
86 55
78 87
74 11
28 27
69 10
91 68
26 83
59 56
99 41
52 20
89 57
32 33
79 18
60 29
78 53
74 36
53 45
17 81
49 16
61 48
92 8
90 42
62 57
11 30
44 95
25 26
49 19
26 45
77 1
35 67
64 80
45 80
19 29
59 4
53 45
14 94
88 66
27 18
84 40
89 45
5 44
35 44
13 25
8 52
73 25
63 60
8 50
42 48
40 33
89 24
8 94
60 100
53 66
85 62
97 13
54 88
36 12
91 60
61 31
75 94
5 54
81 5
23 85
57 52
4 83
19 6
83 11
50 7
75 54
45 98
87 72
98 95
59 95
36 82
22 76
63 17
51 23
45 53
68 25
59 16
99 76
12 37
66 27
41 73
14 83
42 8
92 37
28 11
25 92
64 81
70 22
15 19
18 70
34 56
54 68
88 9
77 80
97 73
90 100
29 97
94 9
1 42
27 12
21 27
21 5
59 25
35 15
16 71
9 33
20 91
39 25
27 10
90 63
85 91
73 100
17 59
36 56
41 39
91 88
29 47
33 72
34 6
55 56
89 26
66 89
33 97
66 99
28 11
23 1
49 2
81 88
85 16
94 51
67 72
38 74
11 16
8 2
57 49
56 97
35 47
24 18
90 6
90 43
93 49
22 69
20 42
28 12
19 3
21 27
11 68
95 70
67 29
30 71
83 37
76 45
89 38
55 4
38 83
53 97
20 3
72 12
83 76
80 35
44 64
6 53
96 23
46 92
38 18
15 94
97 82
73 94
36 87
91 30
7 14
42 88
57 2
54 14
18 95
16 47
27 28
31 30
99 58
51 44
4 35
7 89
70 92
82 22
60 91
36 54
89 22
93 66
53 48
46 59
56 55
63 18
41 94
14 1
59 51
22 81
88 73
54 10
99 100
22 94
56 57
54 34
1 84
94 93
67 55
62 39
57 73
67 41
37 10
70 9
1 17
87 80
19 35
100 14
71 6
31 98
25 74
45 67
47 74
45 58
100 86
77 9
38 24
87 28
69 69
14 33
44 25
90 5
100 6
89 93
31 64
92 70
78 37
73 49
58 95
99 65
92 78
71 98
39 80
99 10
65 74
28 58
29 77
87 72
40 76
66 78
15 96
5 70
96 58
3 15
18 43
86 10
54 14
15 6
56 9
27 41
30 41
91 36
55 100
55 49
59 19
1 71
14 49
86 9
70 89
29 39
9 47
91 69
11 90
55 1
43 40
79 23
40 31
47 91
79 82
48 59
80 55
39 70
45 32
31 52
97 63
13 59
96 58
42 9
22 43
62 19
47 28
75 49
14 78
8 83
81 44
39 44
68 74
53 52
15 15
56 83
17 59
13 20
74 25
56 47
92 91
76 35
34 26
55 31
9 37
50 71
64 29
17 98
98 86
13 57
21 64
58 74
41 29
59 38
57 90
59 23
29 33
1 27
1 76
72 65
92 97
81 25
25 45
16 38
14 43
57 65
86 7
43 49
21 42
5 29
85 59
29 29
16 38
9 73
95 24
28 34
36 68
77 43
47 61
58 63
6 71
56 91
55 63
76 83
50 77
45 12
55 31
61 41
13 60
69 94
92 70
8 44
89 65
42 34
7 40
42 63
68 80
77 21
32 48
98 9
32 54
66 80
59 67
62 58
49 30
47 5
90 77
81 17
2 16
84 69
40 74
51 12
100 90
22 41
8 42
35 43
39 9
23 89
4 90
58 98
100 88
44 68
43 37
93 98
39 98
40 30
67 16
87 3
15 95
26 44
35 18
93 21
17 55
38 39
95 48
56 63
9 87
96 5
99 70
46 15
70 26
80 95
40 13
97 84
93 73
85 58
22 7
94 67
61 84
30 62
59 90
12 46
97 26
100 14
27 92
51 51
36 65
74 85
26 9
77 23
93 43
67 14
1 41
80 88
65 94
19 26
45 19
30 22
60 45
18 61
54 44
39 44
88 53
88 84
58 40
75 72
11 38
100 46
59 40
2 50
97 3
53 2
29 71
98 89
97 69
16 46
33 34
56 80
15 80
24 52
55 7
83 38
21 64
80 56
45 93
63 67
39 66
84 3
10 10
20 29
84 25
89 11
4 56
29 72
84 41
80 48
26 1
81 14
100 48
3 21
63 79
17 8
72 55
61 5
40 93
44 79
70 93
28 30
2 8
34 12
33 81
90 70
6 47
61 80
3 83
61 49
40 71
31 29
58 83
30 56
36 39
42 63
47 94
31 81
48 9
63 83
74 83
49 84
20 91
31 68
88 51
51 87
60 40
89 37
29 45
4 75
34 97
26 89
78 27
89 46
89 80
92 55
28 15
21 59
51 48
84 66
91 39
59 85
68 82
87 62
25 10
31 52
61 5
32 53
100 72
58 42
98 28
9 46
55 86
34 35
72 55
90 9
53 47
46 29
96 57
77 18
93 28
56 41
2 5
73 2
92 81
30 24
3 29
54 1
90 51
47 56
47 82
6 59
90 20
1 8
67 86
20 38
89 25
53 39
100 93
43 73
7 27
93 18
55 83
15 12
74 42
90 65
95 56
37 94
25 17
46 82
30 16
94 46
42 41
100 10
20 27
24 22
36 85
35 82
98 87
96 95
22 71
87 47
29 1
69 11
87 70
35 79
89 60
96 13
20 58
4 86
86 97
10 89
16 80
44 13
66 64
82 81
27 95
28 54
16 70
4 62
47 92
55 98
6 52
2 69
34 6
72 38
13 87
43 70
87 47
72 47
48 66
75 60
49 45
2 6
85 42
61 86
50 42
57 9
68 62
5 24
69 56
78 7
38 39
50 44
96 66
39 20
95 10
93 38
95 1
1 63
83 93
39 72
15 88
27 14
85 18
47 15
80 93
93 70
56 59
38 80
100 61
94 3
76 67
34 8
41 88
78 52
19 59
88 33
67 78
48 22
58 38
18 62
36 48
89 4
20 14
65 66
94 37
19 42
90 9
80 50
9 5
19 39
57 5
39 63
74 37
68 12
78 44
24 68
72 93
66 28
73 1
70 74
83 41
31 15
23 1
29 63
88 1
77 90
20 90
72 82
75 68
3 98
94 48
55 95
5 13
27 93
84 75
9 100
10 97
11 71
83 2
27 1
81 98
37 10
53 35
51 60
19 20
33 30
45 20
46 89
87 6
43 22
8 88
50 88
28 78
38 62
75 32
69 2
61 34
49 7
59 55
20 19
93 52
2 30
28 98
53 15
13 83
75 40
62 52
81 73
61 31
23 43
23 76
67 59
43 89
63 56
99 26
7 37
94 36
58 20
30 45
8 25
84 25
92 75
18 76
2 40
8 84
12 76
10 77
12 52
49 21
26 38
56 88
20 76
57 52
9 61
96 86
98 59
43 34
58 95
7 95
33 97
10 42
48 19
41 71
82 76
75 36
54 38
39 74
19 85
27 65
100 16
94 72
21 41
39 85
1 100
46 42
39 36
14 20
38 37
47 62
32 53
58 13
90 42
15 79
12 99
55 78
5 19
51 51
28 14
63 98
54 25
50 72
2 100
41 14
60 34
17 43
38 85
74 81
16 70
74 60
88 8
98 7
97 4
47 99
84 47
12 6
7 15
84 41
19 59
86 96
85 46
63 37
89 33
42 11
7 52
93 31
53 22
24 49
17 12
60 89
99 88
58 88
90 14
75 29
71 95
86 19
53 80
52 97
55 5
87 51
7 15
78 42
61 34
36 43
3 19
84 16
38 77
80 96
61 34
72 49
20 81
16 42
36 81
44 33
89 33
8 29
24 90
25 65
14 60
83 41
93 37
43 41
45 2
62 99
46 95
82 36
44 41
61 42
70 30
24 55
95 68
78 86
67 82
17 34
66 68
84 40
58 81
14 86
49 42
33 8
99 80
71 90
1 54
45 33
92 76
32 31
90 48
45 5
74 95
99 15
51 45
36 11
97 68
68 69
56 26
93 79
14 83
56 71
37 18
99 50
36 6
67 91
76 95
28 15
86 4
3 32
19 1
38 10
48 91
66 98
59 6
18 13
42 94
19 4
7 15
96 98
35 43
50 93
35 86
23 86
39 87
88 3
37 62
35 66
42 36
24 47
99 18
86 56
7 46
96 5
87 18
15 99
26 14
61 93
65 17
100 8
38 58
98 46
53 41
43 86
79 99
49 18
67 18
24 99
93 2
46 52
64 51
45 48
3 48
71 1
80 39
32 9
17 2
10 100
95 6
85 26
23 14
10 71
98 81
26 43
52 100
86 51
44 90
9 21
100 77
72 31
11 54
74 95
46 7
16 6
79 76
26 50
6 11
26 64
82 5
96 38
36 78
92 5
14 30
80 75
43 5
17 87
1 84
11 88
23 29
71 27
65 61
5 35
88 64
78 83
22 4
79 39
93 45
27 43
78 25
98 73
66 36
14 99
12 38
14 84
18 64
52 23
29 51
67 100
33 11
37 39
2 15
27 51
7 13
47 23
21 41
78 59
91 45
62 29
55 80
49 25
58 39
26 18
67 59
31 14
33 28
32 41
58 26
99 20
26 98
33 64
41 35
44 21
16 45
18 64
22 89
100 33
42 23
86 93
51 53
26 51
49 65
47 60
38 44
60 8
95 84
89 79
23 50
61 92
32 16
29 25
85 35
84 71
68 52
80 95
41 17
52 37
71 37
25 24
10 35
18 51
60 26
74 78
99 16
33 52
95 78
100 86
36 40
97 84
95 98
47 28
10 22
16 36
92 63
31 61
86 41
88 99
34 81
41 32
18 79
72 87
97 83
58 90
47 77
38 59
19 5
51 61
12 97
2 94
33 64
24 24
98 35
22 78
26 77
98 37
6 45
28 35
94 90
57 2
6 42
84 28
100 84
13 89
85 18
99 1
84 36
17 96
90 69
85 28
10 46
80 54
13 100
32 71
6 61
38 20
18 15
50 71
94 52
45 36
83 17
3 93
31 38
81 86
26 82
45 63
64 88
7 6
97 84
82 56
21 90
71 67
33 63
25 77
61 62
82 55
8 14
85 80
97 72
13 64
15 72
13 81
95 38
28 5
36 27
18 88
91 46
44 63
20 8
9 45
57 99
17 25
78 45
90 56
29 36
1 32
15 17
6 22
6 6
83 100
56 12
58 49
36 65
40 21
64 88
69 88
71 58
34 22
27 33
38 21
49 71
84 18
4 50
47 100
71 98
31 94
31 2
87 99
5 86
64 84
63 64
85 60
57 66
72 15
70 91
52 89
40 17
66 76
36 59
37 13
61 63
61 87
52 54
72 4
48 54
11 20
67 84
11 67
36 86
95 35
39 83
100 54
50 54
4 92
21 47
15 36
44 84
12 7
91 8
46 46
47 14
38 62
71 11
4 21
61 55
28 74
82 25
55 51
27 94
14 78
9 12
26 86
24 79
89 47
4 92
56 53
16 16
85 69
90 35
99 12
14 9
15 20
59 21
1 29
19 88
36 72
42 64
58 62
33 70
47 90
27 49
52 27
69 76
23 29
18 58
1 42
81 56
59 90
50 94
57 46
70 57
96 12
71 68
38 4
71 18
35 17
12 16
94 50
16 20
9 91
34 41
29 95
77 39
21 59
83 21
20 9
60 93
21 25
100 44
3 64
6 83
61 67
63 45
47 18
3 39
58 97
98 96
1 25
17 72
84 68
34 30
25 67
65 20
17 72
77 96
92 11
67 65
84 76
96 8
51 65
73 60
79 90
50 54
81 6
83 5
25 48
27 73
17 78
30 70
88 4
70 52
58 16
84 32
61 76
11 33
21 45
1 48
67 67
82 69
74 53
86 23
76 27
70 50
80 85
93 74
59 1
95 87
24 71
86 19
35 92
25 96
10 17
29 39
11 90
34 43
88 59
6 18
60 61
20 84
5 100
31 38
14 7
16 66
19 5
70 71
7 11
32 64
81 54
64 36
22 50
30 69
10 27
19 81
21 3
83 85
24 24
17 32
60 27
81 77
83 97
58 65
4 13
82 90
3 75
78 81
37 63
38 91
29 9
69 10
100 64
45 47
79 92
21 65
94 56
50 20
27 35
48 46
75 11
69 10
20 72
43 84
48 10
82 73
80 97
64 35
25 84
44 51
79 56
49 84
72 91
4 55
3 20
94 33
60 40
71 84
47 89
96 58
38 98
63 98
68 32
44 25
80 100
66 100
83 49
4 71
5 18
1 25
40 95
22 13
22 68
46 24
8 43
39 55
84 96
99 40
73 97
85 52
7 7
9 80
48 42
53 76
29 87
18 27
6 84
55 9
17 56
8 25
72 65
73 95
13 66
24 85
18 21
92 92
41 65
95 1
45 55
34 56
5 78
48 45
72 88
13 14
91 91
44 73
7 96
34 65
18 70
52 78
95 10
67 88
40 58
87 88
16 84
10 3
85 93
29 15
55 54
83 92
77 25
29 6
28 54
87 95
42 92
85 83
9 50
83 90
16 3
65 57
45 6
49 9
8 2
19 93
79 70
87 7
38 3
53 13
56 5
30 79
58 14
69 47
68 5
41 48
42 44
29 40
22 8
15 6
75 1
89 22
39 40
76 98
24 63
87 37
51 93
29 50
58 46
66 76
55 13
75 83
82 79
90 93
44 87
72 61
73 44
26 100
71 45
34 34
75 44
51 12
11 68
78 44
61 59
55 24
63 64
87 18
55 46
11 19
49 54
48 79
51 53
68 73
88 8
78 28
56 39
49 84
51 32
7 32
8 18
32 100
56 86
75 15
70 36
1 47
53 61
7 100
44 71
34 46
42 2
22 54
59 74
65 90
49 61
78 24
66 18
36 68
37 21
73 36
30 5
21 90
72 76
73 68
81 43
56 39
24 37
15 64
27 100
68 54
98 9
49 30
24 47
97 39
54 91
8 83
92 70
79 45
1 44
75 95
82 36
18 27
67 44
69 8
64 33
40 84
93 78
15 67
29 22
22 87
28 27
12 90
40 74
31 35
40 52
3 64
54 82
20 40
79 56
65 40
100 46
78 44
7 43
64 51
86 21
99 62
51 74
13 97
45 26
54 63
66 100
82 97
98 5
42 24
