445 426
480 456
444 464
410 446
477 473
412 455
420 468
437 469
405 413
459 431
434 467
458 494
469 427
431 451
410 474
460 495
480 456
482 425
426 410
430 407
475 485
439 460
475 404
473 472
492 468
442 496
499 410
461 459
449 469
468 457
408 408
444 412
411 454
488 472
464 408
450 419
495 411
425 421
400 443
424 420
496 443
466 447
430 498
426 408
483 409
476 459
486 430
489 421
414 480
471 474
424 424
405 471
461 431
422 438
456 461
419 489
416 426
422 497
473 443
464 460
471 403
479 446
471 418
448 413
449 482
443 450
405 456
421 477
418 477
425 488
435 406
442 416
436 425
443 441
441 464
480 427
462 459
440 417
486 485
472 401
424 463
491 464
467 441
478 419
488 469
498 494
498 461
436 432
456 403
468 415
415 451
433 454
422 441
432 484
493 451
463 435
427 477
408 428
406 419
485 401
444 479
486 488
499 411
433 462
488 441
446 468
437 458
444 444
432 496
498 436
479 435
417 450
466 466
497 463
450 465
470 458
475 498
405 483
495 480
459 425
432 439
433 495
452 482
420 494
421 493
459 407
436 463
419 419
461 491
431 468
459 493
456 418
419 407
442 470
443 460
459 405
465 453
488 400
437 419
494 430
403 488
406 444
416 429
481 432
416 431
493 488
457 417
452 405
498 434
462 481
430 479
408 478
449 423
415 468
499 404
458 442
404 421
476 436
407 462
434 451
484 456
408 478
436 490
429 439
410 467
468 497
407 404
432 417
461 476
491 458
477 407
423 446
402 456
441 485
430 430
402 460
431 484
403 406
452 468
412 465
477 441
405 409
464 469
451 485
494 425
468 478
413 434
429 484
455 472
416 438
467 437
435 473
410 456
419 416
493 475
416 495
430 417
492 453
448 412
442 446
422 406
469 413
478 462
437 430
406 470
490 419
471 423
439 432
454 468
400 401
484 438
486 427
452 404
422 442
411 442
441 489
403 403
427 490
476 471
435 451
411 470
494 433
491 427
474 473
409 496
429 492
475 490
450 495
409 432
427 434
400 471
471 497
443 456
414 485
475 477
431 476
441 416
497 491
441 466
429 494
441 476
403 405
451 432
463 458
480 485
482 436
433 410
481 450
464 492
409 482
479 499
459 460
454 464
442 489
403 488
479 457
497 491
485 465
401 434
405 437
429 401
467 425
421 413
410 453
437 425
400 414
420 427
478 455
485 430
450 496
423 413
430 445
469 482
452 439
404 436
414 447
400 402
472 431
413 466
455 477
413 417
448 420
434 419
434 409
422 413
445 495
447 461
435 479
404 441
483 475
479 452
415 432
421 466
458 489
483 426
403 482
498 457
421 421
417 436
435 495
465 466
426 410
485 459
448 466
460 480
403 466
440 424
427 496
400 487
496 483
444 421
499 496
407 481
462 447
469 478
479 448
499 429
433 450
415 400
405 446
448 499
472 483
434 437
424 408
466 450
496 474
404 478
479 436
440 416
488 408
418 412
415 401
490 494
448 462
412 484
473 420
424 481
461 406
440 479
438 427
421 454
406 433
408 467
466 485
413 440
487 460
429 412
458 444
419 472
456 442
416 479
437 414
496 432
414 495
404 406
494 410
426 493
455 445
426 454
413 484
458 451
458 434
460 416
473 499
419 465
456 462
403 489
445 487
452 442
449 491
437 410
404 475
418 437
475 404
467 448
459 404
488 466
473 474
441 469
423 414
468 455
414 439
477 421
464 456
465 424
423 441
415 418
439 468
451 419
469 484
436 457
401 409
497 457
409 468
462 419
454 463
464 483
474 404
410 421
486 499
485 473
403 406
414 400
428 429
431 451
418 437
436 493
494 427
498 479
454 448
417 418
406 420
449 473
421 462
438 499
465 491
485 475
463 493
407 454
422 492
472 437
445 457
470 471
419 447
419 414
467 463
461 449
412 485
485 436
411 400
465 476
438 468
482 400
415 418
468 489
498 423
480 428
443 454
476 477
443 484
469 488
449 433
417 405
460 416
478 470
411 446
459 435
472 495
442 437
448 409
402 476
487 413
469 470
447 479
453 433
428 482
470 486
475 460
407 446
493 403
490 425
458 408
489 402
488 495
415 498
422 443
481 429
450 447
473 485
466 429
469 428
423 482
400 444
426 422
486 400
448 465
460 406
499 475
417 403
401 488
467 479
408 435
442 462
467 408
407 490
452 447
455 426
438 483
413 485
425 478
474 435
420 479
476 405
487 410
413 400
413 423
444 496
447 481
487 492
441 436
467 485
428 453
409 490
405 481
415 487
401 497
487 419
490 452
410 462
417 421
403 459
416 443
444 484
490 426
450 475
437 472
433 457
491 443
430 454
411 401
493 444
494 490
477 459
401 484
450 476
490 497
421 480
431 452
477 432
494 453
465 467
474 478
433 412
412 430
447 456
405 494
483 473
479 485
428 428
418 408
464 465
450 469
493 473
466 482
406 452
458 426
466 495
429 485
411 476
472 433
418 469
491 472
404 442
441 482
488 474
497 478
440 495
476 413
449 444
452 462
439 436
419 422
416 489
469 410
427 430
490 453
440 469
428 443
490 407
407 466
437 477
417 448
442 491
460 454
448 439
414 480
436 436
425 460
446 483
455 407
489 474
459 433
405 471
436 412
460 476
410 428
492 456
415 434
422 428
499 454
414 472
431 418
437 483
495 440
454 414
466 451
422 424
414 461
406 425
424 474
410 444
489 472
495 433
486 443
445 404
465 428
406 460
476 422
466 435
489 470
467 486
443 450
432 487
497 437
465 481
460 458
489 424
493 447
460 498
447 411
457 497
438 497
414 426
409 499
463 498
477 407
445 411
418 405
440 456
421 442
439 464
431 415
427 420
410 480
461 412
441 470
423 481
432 495
429 460
417 449
448 401
464 482
416 400
442 479
419 443
412 431
485 466
454 493
469 420
467 411
476 407
401 481
488 406
478 469
471 456
408 469
458 491
469 408
404 402
496 460
487 444
466 472
422 451
432 404
479 428
468 489
479 415
451 431
446 448
442 476
493 479
483 450
479 402
414 472
401 469
447 469
482 447
486 445
437 446
430 453
498 407
490 441
444 407
470 404
443 405
464 414
449 461
402 445
480 420
495 442
464 457
488 485
455 488
417 407
448 425
400 439
420 470
417 475
478 424
430 477
434 488
462 402
456 406
476 464
410 454
417 430
479 490
402 484
469 490
411 462
442 490
417 422
486 417
440 476
416 475
429 420
463 432
453 461
466 453
446 453
403 464
492 493
403 463
498 435
478 466
495 420
499 450
450 427
421 468
424 471
400 473
448 404
453 458
472 497
428 480
408 480
441 494
439 466
425 410
440 469
445 480
433 411
471 448
422 437
496 463
409 436
497 401
402 454
410 474
452 421
456 465
449 443
454 480
451 429
459 493
415 478
450 448
402 402
437 434
417 496
434 461
474 455
443 478
421 464
489 472
472 493
400 457
477 436
488 405
427 407
459 421
404 450
489 474
414 410
480 490
441 481
473 476
439 493
438 427
465 481
426 499
418 418
438 444
497 446
406 410
408 467
443 434
442 402
474 413
492 426
477 406
424 422
432 438
401 457
482 473
447 422
409 456
446 479
416 445
433 490
484 487
477 425
425 439
490 409
433 478
465 422
473 436
418 454
447 468
492 468
475 444
443 426
406 496
425 400
477 454
400 443
450 448
487 474
487 454
499 412
474 429
436 414
412 441
404 498
402 438
423 457
414 408
480 461
402 456
459 421
432 465
439 445
412 425
470 449
411 493
478 473
457 450
482 463
438 452
414 476
429 471
443 432
461 497
478 459
427 499
431 459
459 411
413 428
494 469
493 466
476 409
426 459
423 477
487 408
460 435
443 435
412 481
476 449
481 482
483 413
498 468
494 442
429 492
443 457
404 454
468 486
426 426
432 423
426 497
442 465
416 424
471 484
415 430
484 441
467 472
429 410
479 462
443 408
450 412
409 419
430 402
481 411
473 403
444 415
407 456
447 463
448 428
476 457
418 439
442 483
445 411
408 462
419 466
415 475
494 446
446 467
444 490
421 460
425 470
497 450
455 444
408 409
458 423
419 425
417 444
460 431
477 415
437 450
476 420
454 406
401 471
478 412
466 485
491 426
426 457
456 400
436 414
470 487
488 485
423 477
456 468
491 486
417 432
423 441
464 416
407 473
439 468
458 430
465 469
493 483
416 401
436 402
440 497
424 426
472 497
434 403
464 457
462 491
427 449
495 403
410 430
434 497
412 486
426 453
427 480
475 446
403 442
482 451
466 451
427 469
412 412
420 486
447 473
406 438
494 424
409 465
421 493
400 441
457 448
481 450
417 475
494 411
424 452
461 407
429 414
418 400
411 419
442 470
435 401
466 459
406 483
444 414
491 491
445 478
404 441
444 408
420 430
410 419
417 410
462 454
499 415
471 484
401 440
484 428
462 409
423 435
483 423
469 466
491 494
412 494
454 424
495 483
466 441
458 421
419 465
469 409
455 402
402 427
414 471
421 459
458 488
432 457
412 407
475 469
445 491
458 423
440 462
436 424
437 460
415 481
467 401
417 447
461 407
436 420
482 410
486 427
421 448
426 426
447 477
483 428
425 493
474 405
492 487
498 470
428 454
496 472
427 438
439 473
497 418
405 424
469 423
434 457
445 483
405 489
403 499
433 446
451 466
465 494
440 435
495 429
419 412
462 449
469 468
450 418
423 474
412 417
403 484
410 463
429 478
416 470
465 486
488 452
491 456
471 424
478 410
472 465
469 478
440 472
456 451
499 442
451 468
438 454
480 495
421 496
493 433
476 441
479 482
472 469
433 436
407 471
436 455
460 439
424 480
439 454
487 482
417 433
441 449
403 467
460 436
460 429
405 472
444 483
462 435
466 417
409 426
498 489
473 447
448 474
407 434
471 414
428 430
497 444
401 446
497 433
403 453
479 464
481 435
421 487
426 465
438 444
435 470
475 412
481 470
451 487
494 407
455 484
438 431
486 450
456 446
491 443
434 497
453 432
453 417
478 426
452 423
483 459
479 432
407 483
483 440
474 421
441 421
451 473
449 457
494 492
444 456
459 494
443 451
451 494
469 467
400 414
482 470
454 497
486 423
441 495
473 413
444 416
420 418
429 435
421 452
482 404
454 467
450 400
488 408
460 468
493 485
470 413
462 434
459 458
454 448
430 479
470 444
482 408
420 491
462 473
478 459
404 448
459 456
487 483
455 424
497 405
405 427
422 427
498 443
428 435
461 463
465 415
498 431
496 426
443 455
401 496
448 432
440 416
477 491
498 447
434 431
465 478
498 433
489 406
468 433
456 483
401 408
415 459
410 400
453 461
410 444
400 458
455 485
489 490
446 488
457 434
443 424
461 497
482 462
481 480
410 407
421 450
420 411
488 448
492 420
446 497
422 412
491 462
487 474
448 488
481 418
474 438
436 440
405 457
418 463
450 420
466 471
496 481
441 419
463 461
493 495
486 483
461 464
479 420
468 493
497 481
417 475
433 494
496 452
472 422
415 436
419 411
439 403
440 415
407 401
465 491
401 464
482 426
497 464
408 421
487 401
411 442
404 465
495 483
407 465
462 481
427 433
421 416
401 448
442 452
440 477
489 404
497 437
461 430
408 488
429 400
462 497
454 466
405 489
460 428
485 494
404 417
464 462
464 475
420 489
477 489
415 455
472 418
495 460
412 428
460 404
471 438
479 450
483 413
468 462
467 469
478 418
410 442
445 447
491 441
400 480
478 480
452 427
425 425
445 414
411 411
431 431
465 425
456 428
442 440
489 490
496 418
498 452
487 496
441 435
422 476
473 475
472 412
487 409
433 427
425 454
493 499
451 474
420 463
411 407
402 457
480 459
441 404
493 421
432 416
406 427
422 490
407 468
440 430
476 464
488 474
449 434
483 477
431 461
483 435
458 430
456 447
469 483
491 462
407 445
465 466
443 439
423 403
434 452
454 476
451 481
489 425
492 413
496 488
431 468
443 498
415 411
455 443
496 456
421 445
484 488
497 400
468 411
468 446
450 494
409 485
432 400
476 421
465 486
441 436
459 463
464 491
461 432
408 483
489 495
405 443
400 410
464 440
449 434
442 427
456 461
462 421
484 477
431 477
478 450
413 457
439 429
481 494
408 482
415 458
488 467
427 499
464 478
491 433
466 454
432 402
442 492
488 477
421 427
471 453
438 441
401 444
479 472
470 400
436 481
463 460
418 430
448 426
482 462
462 456
419 401
403 436
473 461
488 440
444 448
431 458
453 430
416 488
467 414
453 416
420 424
432 406
413 458
464 454
496 468
416 411
420 428
463 472
442 446
457 491
430 426
409 407
427 491
495 406
475 436
451 422
407 473
463 407
499 412
450 490
476 405
486 464
433 439
487 466
407 459
476 472
409 498
481 428
432 434
430 444
456 401
499 414
402 458
416 439
410 444
451 418
460 452
491 475
403 489
496 419
462 486
485 457
459 424
468 497
472 408
404 445
480 459
403 433
482 484
474 403
432 418
454 402
450 491
412 467
488 492
449 474
494 482
483 410
406 479
458 467
483 461
458 474
464 448
475 458
451 455
450 462
467 457
456 415
484 408
453 420
465 442
415 423
462 466
422 425
460 465
482 465
402 481
459 465
445 457
404 489
449 447
476 476
465 403
424 445
429 456
437 414
495 424
433 431
420 435
415 460
412 496
448 467
459 492
460 441
401 498
486 431
449 403
443 462
457 482
435 486
485 427
485 454
481 474
488 412
455 417
434 430
402 477
434 426
455 417
440 490
466 499
488 435
417 405
463 471
427 407
405 448
484 417
436 475
482 416
467 425
419 480
403 480
485 400
462 473
491 489
472 493
422 412
487 466
426 471
477 443
471 414
457 418
490 490
490 405
468 425
467 435
400 423
472 485
435 473
424 484
461 472
416 424
463 436
466 462
477 422
481 482
401 422
424 461
435 477
437 468
462 430
492 492
414 455
484 413
471 427
489 480
431 402
487 458
436 496
450 445
468 481
494 489
413 405
441 420
479 419
423 449
431 415
421 419
477 485
437 424
429 480
432 460
427 450
497 424
469 400
470 478
401 410
461 423
483 421
425 415
486 488
416 428
429 416
403 489
405 423
419 447
430 466
470 432
479 462
444 452
470 412
431 438
439 403
481 441
439 451
459 414
416 496
449 479
491 453
465 412
479 417
444 465
404 410
427 453
446 412
417 497
431 412
481 444
446 498
447 490
421 495
472 426
429 487
470 472
465 402
440 418
413 421
449 459
436 452
498 490
420 449
499 408
428 435
403 428
485 461
475 450
421 405
463 474
482 444
422 438
451 490
435 411
484 453
461 471
458 423
488 451
493 493
492 496
417 403
493 435
486 464
436 493
480 484
441 458
433 457
405 470
497 466
499 437
473 475
465 471
419 404
444 496
489 464
424 469
470 458
453 416
408 453
462 420
452 461
490 491
472 444
445 486
499 466
483 426
454 413
472 427
413 432
451 490
428 417
484 427
443 493
456 407
411 407
475 494
407 480
497 460
453 466
487 404
438 410
420 482
405 496
444 461
454 493
401 480
434 418
412 435
472 423
453 484
455 405
416 471
467 405
459 469
498 418
470 468
472 470
410 455
432 491
441 463
468 464
429 455
459 493
475 448
410 482
434 404
497 436
492 472
434 488
415 431
493 434
456 413
414 409
464 407
445 472
444 417
401 404
443 486
491 443
466 418
423 456
459 434
459 452
424 408
490 401
442 469
492 448
465 407
457 440
467 446
415 409
489 465
443 431
456 417
446 439
432 462
464 454
437 487
430 480
499 455
405 467
492 451
478 497
406 478
407 463
474 486
446 479
439 481
404 475
492 440
476 455
478 419
466 400
444 449
466 482
423 449
462 431
424 493
467 425
483 415
490 498
454 425
477 430
447 464
407 493
414 492
498 465
467 425
475 410
499 426
488 488
428 455
489 457
438 452
443 440
451 469
444 417
411 470
410 478
488 411
424 425
459 488
458 450
452 481
425 416
463 498
478 499
467 401
470 429
475 468
486 426
459 452
427 416
424 474
448 406
499 477
443 431
403 452
406 426
413 478
459 469
467 419
458 487
456 469
465 483
483 451
444 498
482 436
406 470
481 400
459 440
467 414
436 490
465 489
420 477
481 404
441 410
420 427
442 492
462 413
486 474
449 431
429 445
413 426
436 480
443 456
407 470
445 403
487 403
437 482
414 495
416 476
414 431
469 438
448 490
446 408
429 415
438 411
485 423
475 449
487 466
446 462
493 425
469 482
400 423
452 455
431 435
435 469
472 476
471 442
423 496
427 458
402 402
417 407
424 460
413 466
474 400
465 483
447 405
402 489
491 423
450 417
446 427
478 423
490 413
422 409
414 459
446 432
497 415
431 448
422 452
495 460
465 437
449 494
466 441
433 456
460 494
478 415
405 469
441 470
460 425
489 422
403 499
435 457
454 426
464 437
488 430
480 447
476 427
489 451
479 443
437 406
424 451
457 477
447 429
478 475
422 418
452 442
433 440
417 490
466 454
407 427
460 467
417 435
403 464
482 419
480 481
419 459
445 457
450 443
480 445
468 425
464 482
429 472
448 474
472 413
435 445
460 444
448 400
413 461
463 401
468 441
430 468
434 499
437 465
458 498
408 492
481 473
491 494
477 428
492 428
438 440
451 425
428 462
486 438
433 492
482 442
422 473
422 452
467 467
462 447
492 437
403 445
442 429
457 453
463 438
441 471
476 479
416 443
459 432
484 496
432 421
405 410
401 416
447 448
426 470
498 495
402 433
437 453
402 403
463 445
493 475
467 403
473 496
416 498
472 419
440 453
423 402
460 451
428 413
428 478
406 404
439 485
445 405
478 432
433 431
430 436
479 422
411 464
402 457
417 416
496 462
492 428
442 485
424 459
440 488
423 432
463 434
427 416
487 417
495 470
405 408
456 419
478 444
479 462
466 454
473 435
435 413
475 410
448 414
419 455
444 442
451 403
443 478
453 406
400 409
454 422
436 425
459 470
450 443
476 441
455 437
415 448
428 437
421 491
457 495
455 439
421 454
468 487
479 423
456 425
463 402
488 482
438 473
469 453
498 441
471 448
449 456
491 439
427 477
430 431
414 430
486 435
494 480
494 416
434 446
462 498
497 427
498 412
452 429
468 484
431 434
466 436
453 454
496 472
421 449
434 461
451 447
486 418
460 424
445 461
458 421
474 432
429 492
446 477
401 439
450 430
400 428
430 425
499 468
412 403
410 489
461 415
487 436
442 485
423 467
441 428
423 483
412 429
428 486
462 449
406 439
497 416
462 477
464 439
438 429
434 403
465 438
475 499
439 415
490 420
426 432
498 423
498 461
480 467
402 440
409 431
475 495
468 418
480 445
467 405
447 465
439 434
431 451
404 450
443 431
413 423
421 424
464 495
403 414
462 419
434 430
446 465
439 401
407 464
495 474
402 453
462 464
485 474
427 493
408 448
494 461
449 450
470 489
487 456
485 426
495 473
413 413
435 497
423 480
406 402
487 418
435 417
405 411
449 487
482 442
415 437
408 404
481 409
403 421
415 425
480 445
457 405
470 419
467 408
406 481
405 499
407 408
429 434
495 449
487 431
496 488
482 468
430 492
405 463
460 492
425 492
418 480
417 479
478 431
434 450
461 483
428 481
415 489
444 408
470 418
408 441
444 463
499 494
460 485
406 425
490 449
463 479
481 434
455 474
480 434
460 411
448 458
447 418
449 448
476 450
427 419
498 408
474 414
424 471
453 436
478 463
480 420
439 447
413 407
468 495
497 430
433 446
454 474
418 407
414 417
417 406
453 447
462 413
444 429
411 491
458 428
434 433
427 409
427 496
447 424
466 462
420 498
409 484
487 496
410 427
461 408
459 490
460 426
489 488
415 476
482 450
415 438
402 475
499 400
473 457
438 440
447 483
450 463
440 489
449 479
409 448
480 410
426 423
418 477
446 449
426 467
455 480
482 468
427 480
407 490
480 468
403 471
486 422
463 459
446 429
429 443
484 488
499 490
442 425
485 411
416 435
455 463
452 448
482 488
467 433
468 451
487 403
478 462
474 422
406 432
447 472
446 401
452 488
459 429
496 456
477 436
469 472
486 432
488 427
457 490
463 498
473 465
436 471
458 484
489 488
436 442
492 426
433 496
411 408
436 413
442 475
403 457
452 434
448 452
447 493
476 464
408 495
487 430
462 452
464 405
418 440
480 424
463 466
457 464
479 428
417 412
433 416
426 405
465 486
437 485
413 454
462 460
441 432
450 453
401 430
471 453
469 450
411 426
477 405
404 470
482 448
427 442
458 445
436 404
419 479
496 498
498 493
432 426
481 433
409 487
457 489
448 485
430 414
404 440
415 459
482 473
438 419
465 489
463 467
478 442
480 451
405 408
418 496
457 432
402 445
416 495
462 452
451 420
437 444
412 471
455 448
496 461
474 482
408 459
402 421
422 436
491 425
454 473
417 445
434 416
423 401
400 417
416 412
463 403
410 439
427 433
411 460
470 451
466 429
403 400
457 453
496 461
480 408
436 468
475 469
418 441
444 453
429 441
419 497
488 409
485 488
448 489
426 486
419 417
474 472
471 402
410 409
484 458
456 433
458 470
468 492
486 496
453 405
446 400
435 471
423 406
446 427
447 440
443 423
484 402
442 443
476 403
440 438
493 426
445 480
494 477
473 477
442 436
446 416
400 401
461 437
424 426
425 452
442 472
472 435
428 403
426 425
453 486
495 429
455 457
420 452
428 460
464 426
441 441
475 400
414 464
491 401
466 462
439 406
450 412
488 422
440 450
434 460
414 476
419 467
463 411
405 407
485 435
482 405
435 487
436 451
453 458
455 433
486 465
450 423
402 433
463 424
464 498
454 402
445 412
456 483
461 437
473 451
433 467
468 491
466 411
477 490
457 458
411 482
408 419
471 453
431 486
437 480
435 400
458 432
499 442
450 403
420 414
410 413
443 459
492 456
496 412
426 453
401 420
421 460
414 433
435 437
484 499
414 436
481 466
466 477
415 462
409 429
437 450
454 409
428 463
460 448
413 483
463 463
474 477
475 451
447 410
416 431
443 412
466 470
451 406
415 459
463 477
441 459
495 414
455 407
443 444
407 414
498 478
413 434
467 440
463 474
401 486
408 446
465 414
462 467
453 456
487 412
455 438
418 434
471 469
451 426
449 441
436 408
486 415
486 428
416 433
476 422
401 486
422 416
449 464
436 447
486 410
419 493
448 474
480 429
464 439
457 444
481 406
449 416
438 438
408 494
463 457
433 419
422 433
413 423
467 439
489 433
471 430
492 446
470 423
400 422
467 445
473 451
448 471
477 463
470 485
417 436
454 491
424 429
437 411
423 404
433 457
453 450
456 400
472 435
488 408
444 459
460 433
478 432
402 445
488 445
425 426
439 478
413 491
468 452
469 433
443 451
464 484
429 431
408 470
405 476
415 454
486 461
414 482
438 483
498 479
446 425
468 421
444 427
437 461
449 456
471 469
441 408
459 496
479 438
423 414
490 404
430 471
488 480
425 493
432 427
401 442
415 405
454 460
486 448
462 414
419 448
450 458
441 402
416 411
433 475
418 440
435 408
494 409
424 440
415 468
456 438
450 473
423 487
464 497
436 457
499 409
494 469
471 493
443 419
411 431
454 448
437 442
403 464
470 471
420 469
425 498
418 406
490 460
498 412
401 443
478 454
400 415
491 431
490 400
467 461
461 464
469 431
411 486
472 436
431 494
446 430
426 472
415 480
408 471
436 492
494 407
448 463
427 447
488 418
454 498
413 485
422 400
472 438
497 423
465 436
489 400
497 456
440 440
485 424
497 483
462 438
427 492
494 492
474 497
434 446
432 467
498 499
425 437
454 415
474 406
458 435
431 457
469 451
483 448
453 426
424 451
434 468
411 494
416 468
485 437
441 402
419 484
488 466
407 454
407 479
415 445
439 487
417 403
457 487
428 436
459 489
466 475
409 400
411 473
462 440
441 416
454 447
400 484
428 468
447 408
455 453
416 415
484 466
448 496
423 408
407 434
428 406
403 468
412 491
450 418
428 444
461 493
415 473
418 468
451 407
498 498
454 495
492 481
478 433
468 403
426 457
407 408
426 457
426 453
497 401
445 408
494 464
410 408
402 444
470 458
499 404
420 404
456 431
423 409
459 403
425 433
459 419
405 450
411 406
432 430
418 490
431 456
421 412
456 478
421 496
416 480
438 435
412 482
485 426
474 454
444 410
474 408
444 446
436 474
481 437
456 480
462 425
473 464
419 443
442 462
414 464
467 414
406 427
450 469
425 412
405 436
406 440
411 498
406 458
461 430
458 422
479 426
480 408
455 434
449 442
453 436
420 421
463 438
401 430
447 444
496 493
427 468
491 434
445 447
433 483
495 494
473 452
484 404
458 441
456 426
484 441
480 416
443 412
465 426
426 442
427 431
447 476
449 493
401 420
484 478
413 412
415 432
442 436
432 495
479 469
408 494
482 492
488 499
423 483
461 409
441 452
453 467
460 471
466 447
482 442
447 459
435 479
449 478
464 442
455 458
459 436
405 492
449 471
449 492
459 414
459 484
418 400
494 467
420 456
431 495
468 468
494 470
449 418
488 423
453 450
428 429
446 421
460 432
408 434
478 448
489 463
493 474
444 446
462 424
472 448
488 496
469 449
427 436
441 498
408 456
404 432
464 456
452 410
480 452
494 496
459 462
449 480
454 431
425 437
408 440
431 499
472 438
415 426
452 460
425 463
483 492
429 443
486 432
425 489
494 422
497 422
457 442
401 494
492 499
413 406
424 497
472 496
476 438
417 423
449 422
455 452
470 407
456 460
423 464
441 415
425 405
416 496
404 444
446 433
411 423
442 442
475 490
477 469
447 470
435 488
443 414
410 483
456 441
493 415
410 465
480 416
483 458
403 494
411 497
448 429
441 402
429 447
437 492
421 408
426 409
477 417
494 441
470 438
447 459
401 488
492 429
451 487
468 436
458 403
459 412
471 482
403 469
410 481
421 450
479 414
476 488
467 429
473 451
482 402
443 424
486 415
453 430
492 430
442 451
429 405
407 442
412 431
476 414
497 458
416 492
493 487
454 469
413 430
456 470
492 499
433 424
437 419
484 452
448 479
486 479
416 462
484 453
429 485
457 459
491 476
485 459
470 499
435 407
403 410
464 436
443 488
433 444
427 442
485 421
424 407
474 425
463 495
430 455
452 452
477 452
402 488
429 401
414 457
424 486
477 414
453 432
411 499
478 431
478 446
493 411
458 458
438 420
402 472
456 472
403 416
482 435
428 430
459 481
433 438
413 455
420 405
423 455
440 430
497 489
492 412
492 410
456 476
434 425
410 484
414 434
412 493
412 414
479 430
424 472
495 491
453 453
434 469
413 439
402 450
441 491
487 407
433 408
485 444
405 494
413 477
466 423
465 402
400 489
449 464
484 492
437 498
417 417
472 440
403 438
438 499
455 464
401 489
445 451
416 480
455 477
488 445
477 426
420 469
434 418
445 463
402 472
493 411
436 441
435 479
482 480
454 417
470 400
449 428
464 491
483 438
477 418
460 441
458 412
432 484
457 427
494 413
451 420
464 456
435 419
469 426
478 440
419 447
479 420
462 489
465 422
453 411
423 423
435 433
455 492
489 412
406 463
470 448
442 457
451 491
457 439
444 413
426 466
474 474
462 403
490 416
464 422
458 426
400 494
439 413
492 458
443 452
408 407
460 429
432 478
416 413
407 479
470 456
402 458
417 415
490 461
496 445
486 410
462 481
441 427
407 420
498 479
446 474
480 498
404 495
412 459
460 454
413 417
413 422
424 489
418 455
428 463
460 496
495 451
429 410
401 408
494 419
477 401
414 416
497 404
422 448
487 457
412 482
458 424
416 436
482 478
411 453
459 407
410 440
462 455
423 451
461 459
438 494
440 450
467 455
456 422
418 402
429 467
499 405
419 401
407 406
440 489
462 436
496 455
490 439
468 445
404 442
456 427
490 477
439 462
417 467
449 442
408 426
489 401
416 462
427 439
430 428
439 499
402 435
406 463
460 439
432 482
400 495
451 485
418 460
400 452
448 436
419 450
460 444
455 416
457 466
439 494
477 450
422 426
462 415
414 446
461 404
479 448
404 424
462 436
470 483
488 412
405 414
439 462
426 464
429 475
481 434
402 451
488 407
411 405
404 480
403 416
451 488
413 498
406 444
432 444
414 441
478 446
434 420
400 485
403 450
444 490
412 479
489 452
487 489
499 477
491 402
478 477
403 498
441 496
431 474
494 469
498 415
484 471
412 447
491 423
405 449
447 485
474 460
459 407
414 434
488 464
483 493
471 434
406 457
443 423
404 471
471 464
450 473
494 414
452 455
451 440
462 498
492 461
455 400
465 416
489 439
486 465
440 428
401 446
498 478
413 402
443 495
412 412
419 471
469 479
492 476
481 497
420 485
403 429
411 458
419 474
416 415
409 493
454 461
481 405
465 425
476 401
406 406
488 489
463 481
481 451
446 442
405 449
441 450
481 414
462 499
452 473
416 468
479 434
449 406
478 464
409 418
407 465
412 471
428 400
459 498
437 489
449 424
402 444
499 457
402 483
428 491
489 465
487 480
495 491
481 488
421 434
416 460
415 453
444 491
451 444
404 435
490 469
444 496
444 494
456 417
445 484
493 402
445 463
414 460
427 441
475 462
489 459
485 409
419 433
456 407
402 418
468 493
463 408
401 468
461 404
451 467
435 473
442 439
493 442
466 468
420 410
449 494
427 408
431 475
445 453
431 489
413 440
445 489
489 400
491 485
470 442
443 428
467 423
457 448
460 474
421 484
425 497
424 446
431 444
488 491
493 438
417 417
411 464
473 434
408 488
418 499
450 402
470 437
478 413
420 403
403 488
413 408
402 450
421 451
456 427
435 405
405 491
462 473
477 469
474 419
431 489
482 425
467 442
455 425
411 435
477 457
430 479
485 423
453 426
422 449
415 445
468 488
426 461
414 407
450 428
419 487
446 401
451 456
445 445
466 403
419 462
478 462
476 467
401 406
484 428
413 480
443 415
467 430
446 407
485 473
427 476
427 475
482 431
493 417
401 460
459 438
461 473
433 405
433 400
404 413
443 404
441 487
437 444
456 441
461 401
419 461
464 409
468 499
439 435
472 402
439 457
466 483
435 464
452 480
451 491
456 424
419 479
489 452
444 441
447 482
407 491
428 431
468 452
425 499
460 442
421 443
454 411
408 446
482 472
414 481
435 443
496 471
475 455
471 489
409 468
465 473
426 406
489 481
443 492
466 498
462 495
434 442
470 415
415 483
448 480
426 473
452 425
452 437
481 451
434 419
463 423
416 445
473 417
440 409
482 441
439 410
400 483
408 469
429 463
436 441
457 484
430 424
420 464
428 496
446 456
454 466
463 462
425 492
402 408
458 453
401 411
408 433
407 436
404 402
433 474
436 454
401 488
433 437
451 484
480 438
456 412
443 453
489 436
465 484
414 408
416 483
439 471
490 416
487 400
416 447
474 464
429 404
450 445
407 422
482 401
481 408
403 466
445 414
444 489
486 454
448 456
452 444
497 452
475 499
419 463
470 488
469 410
408 432
483 482
424 489
473 464
449 469
419 447
400 443
457 497
462 482
485 404
404 479
426 482
412 437
455 423
456 443
457 415
454 462
414 408
488 451
407 412
421 407
442 494
484 445
447 493
411 468
444 481
407 474
475 482
493 476
457 494
400 463
403 479
426 437
435 473
468 424
457 413
450 424
423 423
437 424
423 475
467 435
454 462
464 443
412 403
463 446
422 400
457 439
495 431
431 491
412 476
498 432
422 432
434 478
412 430
464 456
452 470
480 425
450 431
445 411
464 422
476 496
429 471
483 464
412 458
463 474
482 490
479 427
459 428
491 410
474 456
403 484
491 427
484 428
441 421
413 434
447 477
410 430
424 457
429 402
455 444
461 455
460 401
412 404
411 453
483 487
476 452
423 426
456 464
426 429
479 439
404 408
439 470
419 472
463 413
417 485
451 469
481 494
431 408
427 492
451 456
428 456
462 446
429 496
450 456
470 460
419 405
446 497
469 496
409 429
443 444
466 416
485 438
463 499
490 419
458 491
439 480
420 420
482 483
419 483
470 440
496 440
425 451
439 400
496 412
467 498
468 492
460 401
433 454
491 433
439 455
463 469
458 429
405 468
458 446
463 411
435 447
464 411
471 454
443 422
429 437
497 464
449 488
447 414
422 446
437 482
486 415
408 466
452 436
478 445
458 467
491 407
458 473
486 431
466 401
454 439
411 451
482 492
470 497
412 436
444 405
485 480
448 443
419 489
486 428
447 408
451 487
405 400
470 438
454 481
401 493
432 491
464 427
460 473
425 469
433 446
480 483
403 484
481 459
490 483
416 425
472 444
452 429
432 427
464 459
412 493
434 404
406 426
444 403
478 482
411 431
459 498
498 428
407 470
448 432
448 432
458 447
461 451
447 421
404 454
424 415
449 487
497 492
430 427
425 442
436 446
439 451
435 478
461 481
430 465
422 438
481 484
446 403
402 419
429 443
413 421
421 479
471 466
435 457
497 448
440 437
483 414
487 482
471 480
418 481
418 455
446 467
449 463
447 436
403 490
432 448
423 406
451 417
467 459
496 477
464 443
447 442
413 486
443 415
412 462
481 492
468 438
441 453
472 492
475 411
452 489
468 403
426 420
471 459
410 475
435 442
417 473
426 472
407 418
404 422
435 489
412 407
461 439
435 475
406 465
443 459
418 499
417 453
446 446
425 429
418 479
417 488
414 497
417 403
493 418
406 420
479 428
406 481
487 430
491 489
471 412
482 436
487 454
433 485
443 401
480 445
461 426
477 425
406 485
415 408
448 477
424 472
451 417
473 462
460 474
485 432
487 434
484 462
460 440
451 435
405 477
497 421
490 483
496 479
444 435
404 486
430 476
411 482
461 462
454 463
439 453
434 451
406 466
499 418
458 431
473 479
488 429
492 432
404 409
489 454
482 488
429 465
416 452
422 403
476 472
476 487
496 465
458 403
477 450
496 411
475 420
444 410
481 487
440 415
453 449
453 460
435 416
426 434
463 486
426 430
436 495
460 438
490 467
420 490
450 428
474 445
429 422
415 495
402 481
437 401
404 499
452 459
419 467
450 476
410 489
458 471
477 447
413 441
459 431
493 494
475 414
451 485
450 468
414 414
472 480
440 414
401 411
493 486
414 485
418 471
412 452
435 410
467 479
404 454
494 485
484 443
498 422
439 489
452 477
475 492
476 420
461 411
408 421
425 458
436 489
469 460
407 454
409 412
406 449
424 464
495 408
446 403
433 404
471 448
430 490
472 464
429 477
403 470
437 484
435 497
497 400
400 478
446 428
407 484
462 447
422 448
418 433
439 460
458 418
475 407
460 432
417 478
414 459
427 474
480 413
420 445
441 442
498 453
401 426
466 415
467 402
470 448
463 449
494 406
451 454
498 480
470 448
435 459
449 481
416 456
417 468
415 418
412 407
408 478
488 420
493 467
485 414
463 499
414 426
452 479
455 442
481 438
436 469
453 446
477 460
447 486
436 433
465 475
455 459
466 403
439 401
473 450
412 450
458 433
440 424
492 497
414 412
487 482
414 449
477 451
414 448
484 491
414 412
421 488
440 465
495 447
406 415
461 420
413 448
462 407
419 489
471 487
499 465
437 471
444 458
448 470
403 469
418 459
405 456
440 473
481 427
480 415
417 460
490 408
446 450
480 444
484 419
416 454
420 472
411 497
450 454
452 472
422 415
461 411
450 479
422 495
412 451
428 481
420 453
496 458
473 465
435 457
416 467
496 417
448 443
476 444
436 482
449 476
482 481
418 422
402 407
406 425
407 414
436 440
479 434
426 458
420 409
444 488
409 406
422 472
455 452
460 425
422 437
403 475
423 400
417 436
499 421
405 415
404 459
459 420
470 490
464 408
477 465
483 411
441 489
443 423
446 448
413 447
