69 461
58 459
43 483
30 455
55 404
78 463
54 488
43 431
23 418
7 463
40 461
59 428
87 402
19 409
25 429
67 412
94 450
21 454
49 474
16 460
39 442
71 484
14 467
80 411
74 419
67 444
12 499
73 429
81 429
14 425
53 435
47 490
36 429
16 447
25 408
89 456
9 427
66 477
78 455
48 432
21 405
86 495
73 443
64 426
2 415
19 476
96 438
41 424
71 469
58 482
58 404
43 491
86 456
62 493
10 443
90 463
90 457
12 472
92 485
43 430
69 452
48 444
15 450
29 400
6 463
23 487
29 427
49 410
95 417
23 438
62 435
59 498
75 415
86 475
90 458
74 416
44 458
83 420
22 494
72 465
59 462
83 470
98 480
24 455
61 453
73 459
74 473
53 406
40 410
43 456
5 470
26 466
21 402
91 448
80 498
73 466
76 407
39 491
49 472
94 403
83 400
1 424
38 407
83 447
91 459
16 480
61 400
18 451
97 419
9 416
11 435
12 449
78 434
86 491
50 455
65 430
91 419
18 417
29 493
66 486
62 409
27 429
40 469
42 415
8 495
63 400
49 413
17 461
89 494
13 424
24 420
21 409
91 490
1 466
48 428
4 417
63 461
67 468
4 472
38 462
57 474
12 488
55 451
25 478
100 403
2 499
13 431
56 446
21 488
21 487
47 419
40 466
36 474
81 478
42 414
91 468
54 493
37 484
73 474
55 408
9 466
3 469
79 465
44 415
22 478
42 409
94 443
30 491
97 497
79 485
58 402
96 469
73 444
88 445
67 481
32 463
46 411
20 436
3 498
5 450
73 447
92 442
49 420
39 454
96 469
68 403
44 421
62 401
31 478
36 401
20 445
63 415
48 489
23 454
20 453
65 425
92 408
24 447
87 477
14 441
88 492
44 423
76 463
72 436
76 404
17 409
38 414
64 473
19 477
42 490
52 491
66 407
29 465
57 401
73 415
43 446
60 415
71 456
85 491
90 474
96 417
64 434
75 475
31 439
35 475
100 427
5 480
95 496
73 477
67 494
91 473
94 420
41 452
70 492
93 446
56 484
47 474
100 490
8 488
5 454
39 474
54 499
8 463
49 459
48 460
27 468
9 436
80 419
59 407
93 406
98 471
59 496
88 422
77 447
69 490
37 487
49 486
83 421
41 456
3 498
82 492
4 477
19 492
92 463
82 439
14 454
61 423
62 411
16 430
80 448
73 425
23 472
47 452
95 489
72 484
9 440
39 402
94 463
29 436
99 436
45 433
79 472
57 461
73 426
63 426
16 424
90 408
72 447
86 468
63 415
53 443
67 453
54 449
22 477
34 440
80 490
54 461
19 416
52 454
49 403
65 461
57 421
74 464
35 410
25 485
17 463
91 440
86 429
64 443
71 422
19 449
27 473
83 490
31 454
92 478
85 472
62 443
36 466
70 425
44 495
26 416
88 441
80 420
53 433
41 424
53 420
84 415
44 469
13 408
73 406
50 480
61 460
93 406
11 435
38 494
76 432
83 428
93 477
66 470
37 423
65 485
12 470
53 461
12 458
23 496
32 472
14 485
98 427
71 439
41 420
61 419
14 487
30 478
50 479
13 415
45 492
48 478
17 488
33 488
90 421
35 458
85 468
28 424
95 464
80 489
39 497
73 453
26 455
5 418
6 472
43 459
69 432
37 414
99 406
86 471
82 436
67 485
46 494
52 434
96 433
68 494
87 422
64 456
89 432
44 451
65 494
27 473
73 436
90 489
83 408
26 455
5 448
45 466
14 463
37 426
25 453
91 482
56 467
39 463
89 410
61 441
28 402
56 409
70 490
25 497
56 455
22 432
86 402
63 441
57 405
16 421
15 416
4 474
14 420
62 483
61 417
99 477
26 401
43 489
51 452
3 451
34 425
94 493
62 404
86 477
100 466
13 478
13 442
73 410
58 485
13 431
14 445
41 403
47 441
20 442
16 440
19 422
93 483
49 411
51 432
45 430
98 440
68 498
76 419
24 493
11 415
91 464
6 418
4 454
44 428
71 475
46 412
39 440
6 469
17 493
47 425
46 481
67 437
77 489
38 432
58 411
26 476
86 477
36 492
80 491
32 445
67 462
63 483
65 457
4 412
8 491
57 422
95 402
52 484
19 430
14 467
78 482
49 454
36 412
16 424
24 498
83 459
34 491
38 405
2 418
15 486
91 431
66 429
37 420
24 488
63 414
61 473
26 476
90 415
34 442
3 468
34 478
70 452
14 487
84 493
90 423
64 481
86 411
1 449
48 424
51 439
97 400
81 402
44 457
53 473
96 489
100 409
72 499
88 423
72 449
59 433
9 495
66 403
33 435
6 486
48 453
61 444
61 461
57 435
77 478
100 426
17 413
51 436
39 482
65 452
92 455
2 472
39 419
1 442
55 484
29 476
20 412
11 423
15 472
13 450
41 482
25 420
55 445
17 431
7 475
53 403
77 414
26 422
95 498
42 401
1 446
71 483
22 456
52 448
39 454
22 465
24 439
51 450
12 462
97 412
84 477
37 452
17 484
58 463
2 465
24 400
3 448
71 411
12 434
65 439
100 431
31 423
46 438
91 428
49 444
7 430
46 485
24 427
22 493
2 408
80 471
43 406
45 458
18 456
51 486
57 496
83 402
100 499
98 465
24 413
10 445
8 496
72 482
23 472
21 413
74 499
25 497
59 473
35 486
7 451
71 475
96 403
96 439
1 475
78 492
54 447
94 464
67 460
47 477
97 411
30 419
3 445
33 443
57 400
97 481
50 490
75 486
14 429
63 459
51 422
16 483
50 489
87 435
100 469
91 402
42 452
52 427
92 490
35 400
84 435
74 466
99 438
33 466
4 420
31 450
78 484
12 456
38 411
59 403
68 499
92 480
82 420
9 466
93 439
36 421
17 411
67 407
55 456
19 448
17 441
66 472
20 401
72 494
8 470
3 419
73 430
78 423
34 417
11 432
67 434
77 445
91 406
24 440
93 402
46 491
69 473
18 459
63 477
71 463
48 468
95 408
2 402
76 473
9 401
51 464
21 445
95 469
74 449
53 478
37 406
94 412
5 410
60 426
2 484
16 491
33 462
35 437
80 459
87 419
15 438
45 411
7 410
41 448
90 420
42 409
20 454
78 451
28 430
84 419
10 494
92 428
39 452
70 443
81 409
12 452
89 450
61 492
86 467
62 463
96 412
2 456
53 408
88 439
70 427
33 430
73 475
79 447
34 491
6 409
20 424
56 477
94 403
86 436
1 451
41 482
75 467
30 424
92 455
46 428
60 411
73 493
21 495
1 415
51 413
33 456
61 476
94 497
18 483
98 410
36 462
35 464
3 410
10 416
37 450
45 468
53 405
54 409
62 491
9 485
45 400
28 444
77 406
73 434
85 421
19 459
56 499
68 461
21 450
46 485
5 415
81 492
33 417
81 497
14 457
1 472
72 482
87 408
19 480
4 436
8 465
34 499
35 464
36 414
96 442
26 419
16 469
22 427
12 402
10 438
12 430
71 478
13 477
25 461
83 436
72 476
31 411
75 453
96 420
35 423
56 457
94 445
72 496
35 491
63 498
85 463
61 439
52 463
75 412
48 450
46 408
1 450
88 475
61 485
100 499
100 443
26 449
45 471
23 448
62 456
54 428
37 406
50 479
12 448
66 498
42 400
59 430
79 477
81 449
34 401
25 461
100 487
89 457
28 438
24 409
9 491
15 460
48 443
44 481
90 473
82 433
52 442
86 468
33 434
1 477
52 414
94 403
11 427
61 497
47 434
47 460
21 416
4 479
88 455
55 471
96 469
20 424
70 449
36 488
61 456
72 487
96 443
3 451
41 490
46 405
90 482
73 483
50 410
40 451
14 434
69 444
40 429
68 463
47 433
96 485
61 468
11 487
66 414
33 498
6 460
85 497
96 451
93 455
43 445
3 461
34 475
88 423
71 464
40 458
85 481
98 423
6 486
29 401
46 495
3 468
53 414
5 437
31 412
48 492
58 415
2 441
43 451
87 402
41 415
50 433
38 454
19 498
100 449
31 402
75 463
82 422
35 420
35 409
73 414
84 471
85 437
8 404
59 441
59 436
70 442
5 428
47 451
46 402
18 485
83 412
78 498
80 478
76 465
25 409
91 445
63 402
85 490
85 448
48 462
35 449
49 496
5 495
40 449
79 463
10 420
19 437
36 423
23 430
68 466
94 481
73 400
89 427
22 436
62 451
67 410
95 461
39 421
79 475
65 431
30 473
54 427
27 427
78 403
43 460
75 426
83 421
26 415
80 421
63 499
90 407
24 416
63 460
36 418
86 482
21 418
20 488
3 413
57 420
91 473
54 426
25 410
98 442
44 436
30 491
46 496
53 494
78 488
8 499
76 411
11 421
98 409
84 400
81 499
91 434
78 446
46 411
57 402
38 498
41 476
46 411
77 463
64 470
47 443
9 496
27 447
100 409
34 441
66 497
44 472
73 435
30 473
90 467
40 445
63 435
82 430
45 452
65 463
26 477
29 469
59 400
97 467
63 444
22 426
59 468
55 438
1 406
92 447
31 410
82 476
66 475
23 460
58 450
58 481
7 406
13 461
92 496
93 467
36 476
78 415
94 463
44 461
77 479
60 436
96 423
31 450
94 492
36 474
89 477
4 492
36 461
39 424
58 498
64 498
49 436
97 401
88 439
13 498
24 466
86 479
21 420
30 483
95 472
12 485
27 433
91 401
68 498
35 402
49 488
58 404
32 467
69 419
95 445
99 461
99 499
6 457
54 448
33 417
74 489
32 481
66 486
38 496
91 489
44 413
99 444
27 422
68 467
32 442
21 464
9 485
49 454
43 425
88 456
26 446
33 494
97 421
17 436
74 492
81 450
71 416
62 480
27 444
78 447
11 485
45 479
21 431
18 459
6 448
62 450
66 490
71 491
20 473
65 415
59 461
15 453
33 409
62 406
17 417
1 499
86 437
60 440
13 419
78 490
27 425
25 411
81 430
9 428
80 483
8 487
25 436
28 414
68 433
37 432
90 450
45 499
21 426
37 494
39 487
62 439
54 401
36 415
67 466
69 441
32 464
89 416
7 401
85 465
4 403
5 401
14 438
10 439
35 491
88 484
49 470
65 482
23 495
3 403
55 489
30 478
19 475
96 499
11 467
8 423
87 472
25 453
21 470
57 423
65 473
10 492
99 490
43 440
21 465
6 481
50 483
5 435
42 478
94 462
75 471
55 418
15 435
6 428
83 458
9 443
71 459
6 493
83 428
81 419
26 408
78 490
24 458
92 496
85 445
94 499
80 436
6 463
73 429
31 434
7 437
19 403
97 406
92 499
63 419
90 440
100 466
22 471
21 475
62 453
20 457
84 436
38 447
35 455
33 497
60 407
39 499
98 455
39 481
96 450
73 427
78 440
88 451
58 491
85 457
4 455
35 498
65 431
1 444
84 437
87 488
69 419
25 429
86 472
49 489
91 423
79 438
14 438
61 450
15 421
31 482
8 424
41 495
80 475
88 490
17 436
79 430
11 470
14 435
87 400
62 477
28 488
22 426
61 401
41 492
67 431
45 486
25 473
3 417
21 423
88 406
28 494
40 450
81 432
94 448
98 477
71 434
100 418
73 459
11 447
66 445
1 488
81 498
63 459
6 435
21 465
97 471
7 438
56 457
19 470
20 457
10 417
52 488
49 453
82 494
17 475
65 452
78 492
32 434
31 488
15 402
26 420
11 422
37 439
29 494
82 450
53 474
43 454
33 474
93 494
27 410
26 433
18 461
76 442
58 401
28 486
25 437
27 476
94 418
63 487
16 418
97 406
90 469
14 466
65 469
96 411
93 417
82 416
61 433
46 436
90 400
82 424
43 405
93 449
18 444
60 421
28 488
76 400
29 437
62 451
86 488
64 474
68 440
21 474
78 496
57 405
30 486
85 453
64 410
70 459
18 439
60 461
95 473
72 462
70 496
27 488
14 424
51 413
76 401
76 466
44 457
48 446
80 472
22 479
5 495
85 422
7 436
95 411
35 449
16 454
91 487
41 469
62 440
21 430
9 444
74 405
85 493
75 417
81 461
41 421
34 413
39 418
29 459
22 487
81 463
52 406
62 477
65 405
90 409
48 488
66 469
4 413
47 459
70 415
77 450
12 411
75 455
14 431
32 419
28 426
93 439
37 409
97 455
54 490
14 411
54 486
12 467
49 403
94 448
78 464
47 423
9 401
35 422
36 474
100 421
58 474
11 443
2 455
10 468
93 495
1 497
70 486
19 454
85 463
16 428
54 425
77 423
27 423
76 421
77 425
56 456
22 400
31 476
91 403
86 489
25 480
8 464
41 483
91 471
88 434
84 406
66 452
49 415
59 457
44 465
51 461
57 481
90 448
36 421
29 443
12 477
90 450
75 443
54 473
72 482
23 438
53 430
91 470
88 490
59 435
44 410
20 495
31 467
94 419
27 460
82 430
14 485
56 423
30 479
41 412
73 438
21 412
40 494
52 468
86 429
9 433
60 483
56 434
42 415
61 455
60 489
97 420
18 425
20 440
21 419
46 428
11 420
38 445
73 423
85 433
39 471
53 484
35 456
73 485
90 416
10 486
75 473
63 402
21 496
5 485
48 420
94 445
38 495
95 404
72 424
3 452
78 477
62 494
63 471
69 426
78 484
28 487
36 420
82 490
91 487
31 427
98 413
84 488
10 424
35 472
40 474
29 443
73 435
36 456
22 445
16 492
16 488
88 417
54 413
1 473
64 449
11 416
44 435
61 475
83 422
2 419
71 492
99 457
94 488
35 415
81 437
64 490
10 426
64 486
66 473
44 467
79 419
20 418
14 498
15 463
20 498
33 460
39 404
62 446
50 468
16 425
92 477
11 426
41 450
92 417
93 463
16 489
14 460
62 415
88 453
16 473
19 484
90 458
9 442
40 489
53 436
62 460
63 473
28 499
92 403
30 482
72 488
96 485
15 493
2 437
97 429
76 455
14 431
68 463
33 415
40 404
14 472
53 475
85 438
4 481
17 418
4 469
34 423
44 473
95 462
31 499
63 489
85 463
42 455
20 402
78 403
7 402
55 483
61 441
71 492
34 404
70 455
65 482
90 421
65 431
10 434
73 460
56 478
13 411
79 494
28 487
38 461
35 400
94 466
91 412
22 494
26 468
76 461
26 441
39 441
6 437
47 402
41 466
69 407
44 485
32 437
3 414
19 486
63 404
20 441
71 455
87 416
68 473
99 440
61 414
70 449
27 469
64 413
14 444
82 433
64 431
83 439
18 424
86 414
7 427
29 419
23 454
41 432
89 416
35 425
72 485
55 450
69 405
91 444
96 402
27 420
83 463
50 406
3 443
55 487
60 445
84 468
37 445
7 423
68 427
56 436
91 454
86 494
79 452
25 422
55 464
19 435
12 496
50 438
88 444
61 492
61 435
83 449
92 408
64 484
57 435
61 448
77 438
74 433
85 486
2 436
20 470
67 491
80 406
75 492
97 451
26 451
95 467
64 478
33 407
77 409
89 469
63 498
14 431
21 430
95 447
58 465
78 444
59 471
90 405
16 448
44 437
60 465
20 450
32 494
58 458
30 402
75 487
70 446
86 482
77 422
58 407
68 478
18 422
43 468
58 469
71 441
79 420
24 405
14 489
31 462
5 422
27 412
35 451
98 471
38 420
79 417
5 470
42 467
14 493
47 413
80 406
70 436
74 474
66 419
93 423
37 438
66 477
60 455
6 483
63 449
37 487
55 434
41 408
62 483
45 491
55 447
29 424
82 416
31 449
22 461
51 451
1 464
60 416
72 494
63 409
52 445
19 481
48 493
53 489
77 467
76 469
6 449
20 431
47 426
12 447
79 493
66 447
41 415
39 484
60 494
30 484
23 411
77 473
56 432
69 449
74 450
73 460
21 476
82 432
73 429
13 419
11 415
21 442
79 481
79 403
9 498
76 496
66 462
66 490
29 452
65 457
43 489
27 446
12 488
89 497
3 454
48 461
12 404
49 404
72 447
21 483
52 419
12 400
14 431
70 406
40 467
62 475
10 427
26 493
75 420
27 463
54 445
35 424
31 444
57 465
47 420
32 478
48 448
94 482
98 413
69 476
77 497
87 405
4 437
82 416
25 481
92 435
75 441
17 438
100 458
65 488
38 401
40 462
8 482
94 493
56 493
36 472
52 438
20 409
93 479
8 442
68 490
90 443
88 406
63 482
6 410
37 408
43 477
69 454
23 425
57 453
58 442
38 482
60 457
46 485
77 404
40 485
90 436
43 425
17 494
72 484
23 474
18 450
68 429
4 457
14 452
42 443
13 429
72 474
19 494
32 427
96 420
76 440
68 418
47 412
88 478
72 488
77 459
63 443
51 428
61 425
13 484
86 445
1 474
29 400
31 402
86 497
57 461
46 415
30 441
44 435
99 497
51 423
81 488
69 415
5 435
42 457
44 412
35 440
70 424
29 460
21 469
33 422
41 448
69 402
92 485
88 492
83 473
26 459
67 419
14 458
41 402
89 437
14 437
84 476
72 416
84 407
29 458
35 426
61 432
98 477
21 469
78 446
76 422
8 457
23 488
89 433
77 404
29 497
53 430
70 466
94 477
71 403
50 442
7 468
2 447
76 428
74 454
91 425
18 453
69 457
52 468
91 426
63 473
90 453
7 408
7 452
61 460
93 497
70 432
70 406
19 489
43 463
91 407
46 457
85 426
46 480
47 443
34 431
92 471
25 434
13 459
58 412
34 472
82 486
55 449
58 427
35 411
35 402
100 405
79 434
56 464
98 464
53 400
73 434
88 439
49 418
23 442
27 456
42 482
31 480
26 417
18 487
45 457
13 449
81 495
98 416
81 444
17 463
35 472
44 425
47 488
39 434
44 497
31 426
56 478
95 477
59 471
7 407
78 426
68 457
70 402
28 459
78 469
24 443
12 462
59 454
32 476
33 426
6 466
96 492
43 407
22 483
49 451
91 437
70 475
20 492
18 421
68 487
68 432
62 494
55 447
11 443
48 491
66 487
87 498
33 432
10 441
25 428
78 406
52 498
89 419
50 408
34 425
31 456
42 480
7 411
87 446
100 475
100 410
63 491
88 420
55 481
2 478
43 483
44 492
50 406
42 431
97 435
10 458
39 455
98 458
64 445
53 420
40 466
94 401
13 464
29 461
28 411
31 499
40 408
36 472
84 446
7 474
33 455
94 439
63 402
30 462
96 462
17 401
25 400
42 419
69 476
82 432
23 490
13 451
80 407
62 483
38 496
62 401
23 466
17 461
80 451
43 447
95 409
63 496
90 457
58 417
43 417
74 407
29 422
67 432
20 467
14 400
36 474
88 456
26 482
1 423
84 484
5 426
49 414
95 486
16 485
60 498
73 458
18 410
73 407
82 402
11 462
7 412
83 490
73 406
62 430
84 434
73 455
92 402
7 421
100 426
98 496
70 459
97 451
15 403
99 477
19 442
34 444
38 475
94 458
4 443
16 422
23 409
34 410
11 468
80 494
91 413
72 434
42 455
42 499
78 483
59 432
72 492
28 479
32 488
97 489
43 453
63 449
66 401
20 467
80 475
73 473
96 482
22 411
36 431
69 420
18 497
18 404
37 479
29 452
23 492
28 458
80 405
75 489
77 442
5 405
13 400
85 487
99 410
9 403
18 487
29 413
58 426
51 422
52 491
69 431
39 434
72 443
84 466
20 433
75 467
37 404
63 406
12 438
68 448
36 419
55 450
2 426
41 461
14 448
87 442
73 464
26 403
56 451
87 454
27 485
97 421
42 408
54 486
74 419
58 489
55 497
46 437
32 428
68 432
72 443
84 497
60 448
82 426
21 422
28 449
83 406
35 487
58 428
78 484
60 403
47 465
63 479
100 419
56 493
23 443
36 468
53 483
14 497
61 440
82 460
49 488
77 494
1 426
68 474
30 471
45 476
93 479
63 403
57 497
73 454
10 475
26 449
74 482
76 405
65 420
3 473
24 463
83 474
59 433
33 458
11 444
37 476
81 416
75 407
32 490
8 455
53 480
11 444
33 434
85 418
54 451
24 429
70 489
79 446
25 485
59 482
89 486
73 453
42 459
96 493
39 479
51 457
95 485
2 444
49 404
73 430
6 425
30 432
3 442
33 431
2 461
96 455
68 474
48 477
2 405
65 499
96 400
16 434
33 423
87 436
13 480
69 448
19 437
52 483
43 488
7 427
83 482
8 449
24 475
22 431
99 422
34 456
92 444
51 479
20 469
3 478
50 473
28 431
43 496
31 416
46 481
63 484
76 476
66 405
36 446
80 446
95 452
4 468
19 431
26 433
21 472
93 489
24 420
66 453
16 413
85 432
39 433
85 400
13 478
22 421
50 403
36 440
4 446
45 431
37 402
75 419
63 487
17 489
35 480
64 469
95 409
80 460
83 449
55 425
73 433
40 402
52 449
69 408
90 494
48 477
78 489
62 440
89 411
75 498
18 470
25 419
55 411
92 466
46 456
15 418
30 456
61 485
95 481
80 430
11 429
42 470
41 448
9 486
58 416
16 464
79 434
21 423
30 488
7 448
96 440
73 426
70 404
72 400
3 418
35 434
37 486
73 438
31 425
2 492
55 477
63 439
60 467
44 449
34 448
59 464
73 406
23 411
2 444
1 449
3 405
29 464
30 446
92 445
56 459
52 410
16 415
21 471
74 425
23 449
36 474
24 412
84 488
95 416
90 445
92 495
60 441
83 480
68 428
67 451
24 408
4 476
29 453
37 441
100 457
9 459
28 454
56 483
74 478
12 465
82 423
66 470
7 487
79 491
83 493
75 480
51 460
25 438
69 460
71 463
60 499
14 427
18 490
89 405
59 455
55 434
45 429
87 401
78 458
31 419
97 409
71 493
84 456
47 496
30 407
59 482
73 410
15 486
34 415
34 434
23 424
38 411
68 492
33 454
82 459
11 405
81 483
56 412
45 464
94 430
62 411
86 443
30 411
83 482
59 444
80 425
54 413
100 404
27 443
90 420
94 454
86 406
58 431
8 495
88 407
55 404
98 492
43 456
60 441
83 481
62 495
30 472
43 473
74 465
14 495
25 459
60 498
84 456
77 410
17 428
74 498
77 498
26 445
70 463
27 469
5 493
31 428
60 427
84 448
58 435
45 427
51 431
62 436
65 413
34 416
19 469
62 445
73 440
85 438
84 406
62 419
75 480
74 476
62 444
7 440
43 496
20 464
54 492
85 435
46 443
81 452
24 468
54 406
45 407
73 453
80 427
39 402
73 484
19 415
37 408
45 438
45 417
58 401
36 467
85 488
5 464
21 431
26 479
84 404
59 457
68 435
30 497
96 459
9 499
81 424
100 439
69 425
49 451
68 479
77 410
54 414
89 411
48 405
24 453
89 481
47 400
35 479
18 488
10 449
57 400
93 427
76 453
53 470
26 460
10 474
100 410
19 418
95 431
4 433
3 474
13 406
59 458
98 414
41 403
61 461
84 442
44 422
31 435
71 472
48 430
96 405
37 420
45 400
93 458
54 479
18 422
32 402
17 473
93 483
75 480
65 402
51 467
7 411
15 463
5 485
80 456
25 465
4 458
100 479
38 471
14 488
73 413
94 418
65 431
47 428
34 454
41 409
49 494
9 470
56 423
69 417
13 417
19 421
58 478
88 404
87 466
87 404
16 427
50 461
41 438
41 473
52 425
79 437
30 495
97 452
88 489
15 437
3 443
48 446
2 462
49 442
55 455
99 418
76 444
21 460
51 413
40 412
36 461
69 403
38 490
70 448
61 411
1 405
67 445
5 491
16 492
95 490
50 466
24 491
88 476
95 402
22 492
93 410
38 459
8 479
82 479
81 459
2 432
49 436
79 415
70 441
61 451
5 495
12 407
59 494
37 499
36 432
47 491
11 413
27 417
28 460
65 415
38 457
16 495
57 403
14 429
7 496
3 418
96 402
10 470
88 468
13 489
4 454
77 478
49 437
74 400
96 403
52 428
65 457
86 442
55 469
37 479
67 455
97 407
20 443
35 432
10 401
26 455
34 423
28 469
18 438
36 469
86 415
65 435
41 480
72 448
44 423
10 437
23 499
96 497
69 405
12 479
51 448
92 471
28 459
40 460
19 447
11 418
68 433
94 469
100 453
83 453
63 445
24 459
31 443
10 432
67 404
91 453
17 409
38 411
92 468
86 467
100 468
77 440
91 416
87 440
92 481
33 429
18 434
95 417
39 480
86 420
9 477
18 472
5 458
4 477
35 480
97 450
1 482
90 432
99 413
86 477
90 472
21 416
87 450
4 431
7 409
53 437
64 452
1 441
95 472
74 411
36 483
66 490
78 473
80 481
43 431
29 493
18 477
52 482
51 446
58 470
23 471
81 459
65 480
6 413
91 410
80 479
77 458
15 477
74 468
29 478
45 468
84 415
88 420
12 431
94 494
26 452
86 477
25 490
49 474
67 455
45 462
95 419
44 440
94 456
22 436
24 481
27 477
9 450
63 466
64 432
68 493
70 479
57 484
42 439
95 430
39 450
32 464
71 466
58 422
47 452
71 416
2 477
82 404
62 424
28 455
16 483
28 400
84 465
12 452
42 440
46 407
79 432
13 461
6 484
43 456
12 439
90 425
6 454
74 453
59 444
55 466
21 453
72 491
56 476
79 484
8 466
49 453
30 448
68 468
74 441
27 417
59 439
70 450
28 464
3 483
78 466
100 452
10 439
58 405
96 426
41 489
72 418
89 473
4 462
33 443
30 433
10 402
16 491
86 424
37 427
36 411
93 494
7 409
59 439
55 402
50 445
4 418
7 430
86 463
6 454
91 415
39 492
23 434
5 414
1 483
47 459
15 445
39 416
39 436
89 451
63 467
89 412
86 428
100 472
100 442
98 484
20 459
75 414
71 494
80 482
64 470
49 444
46 484
81 468
14 441
99 433
21 476
46 419
32 482
47 407
54 455
11 432
42 484
29 459
94 454
52 410
11 438
12 498
10 448
5 402
98 477
97 483
7 460
80 477
38 421
25 434
82 469
98 454
6 413
30 455
4 405
98 466
98 446
86 433
87 486
1 486
84 432
8 460
95 444
15 480
84 425
52 451
82 477
9 462
76 404
60 462
13 467
85 402
64 459
30 465
96 402
49 400
80 437
63 456
70 407
32 467
73 445
31 421
91 427
55 445
8 425
70 473
36 417
45 482
7 452
12 407
59 455
24 481
81 429
6 463
16 486
77 462
58 442
67 472
81 490
44 477
69 485
96 474
94 487
38 486
41 406
85 433
98 498
62 439
5 487
61 469
21 413
24 438
83 451
18 464
63 466
9 479
88 432
83 427
44 400
17 414
99 409
8 425
10 407
95 471
18 464
61 466
40 403
41 481
8 481
83 457
15 440
45 424
78 457
86 450
75 405
97 410
37 456
85 421
91 445
52 458
9 487
21 406
2 468
23 496
13 447
39 443
19 460
44 462
32 421
9 433
54 473
55 403
94 415
69 431
9 472
84 494
86 421
62 445
40 473
94 403
66 406
41 414
28 425
91 499
41 463
97 426
76 401
29 467
100 499
51 430
67 401
43 421
44 442
87 435
83 446
6 403
86 421
57 426
30 496
33 418
40 428
73 419
44 473
85 499
65 456
7 421
38 404
38 466
65 465
76 428
70 498
8 478
82 429
67 436
85 489
10 418
84 499
73 459
63 400
87 404
58 414
54 478
66 408
75 436
15 479
53 473
76 402
7 430
14 478
60 462
84 479
95 417
22 405
13 466
41 450
53 408
99 467
86 472
31 434
57 457
83 479
23 488
40 489
7 473
94 451
3 425
29 462
83 478
82 478
50 420
90 481
37 417
28 426
46 439
49 457
9 432
41 470
97 454
11 412
5 437
53 441
12 414
18 495
66 449
48 425
88 437
89 474
51 418
36 433
19 447
72 446
57 417
85 495
3 420
37 447
28 437
49 415
76 443
24 490
100 494
24 427
41 497
24 404
33 482
4 444
35 496
23 492
84 416
26 439
46 496
38 429
64 432
16 414
98 498
18 450
34 489
65 439
71 480
81 464
53 463
65 421
69 454
59 408
71 449
98 462
73 496
2 419
61 468
83 453
26 493
82 436
11 462
16 458
45 462
85 413
42 464
1 497
42 453
44 470
25 484
55 495
44 499
20 496
32 472
94 453
85 446
58 431
36 489
73 451
83 455
28 457
89 401
88 414
16 489
10 405
82 405
34 447
32 412
89 469
81 420
49 446
46 436
32 412
75 430
52 431
10 435
74 400
49 474
16 424
69 495
24 466
6 445
30 429
20 413
73 401
6 400
63 431
57 475
90 411
59 426
21 481
33 411
90 404
34 499
95 451
89 497
24 400
22 486
21 429
100 409
72 413
5 488
77 489
78 475
52 415
41 431
3 426
69 489
77 446
20 408
26 422
6 493
52 440
17 425
73 413
48 408
94 416
33 472
15 403
14 448
16 440
39 418
40 466
44 411
43 404
80 413
93 445
66 473
85 445
7 411
72 479
81 414
43 447
42 424
21 498
48 470
9 424
100 476
94 472
100 479
96 410
77 411
32 497
25 431
71 432
1 470
20 439
26 499
30 466
45 465
27 441
41 449
94 460
64 407
46 425
88 467
16 416
71 412
3 466
13 425
94 441
70 448
45 442
92 499
4 456
81 461
49 469
32 425
76 435
32 465
31 480
5 410
51 469
19 445
13 411
12 413
5 435
82 403
57 448
30 486
13 458
55 433
58 465
37 474
27 422
3 417
71 430
58 443
84 437
36 451
28 433
42 418
97 470
62 481
54 420
4 461
13 435
93 482
11 450
52 432
86 492
33 478
40 410
99 436
40 481
99 456
98 439
73 459
31 424
33 405
54 431
54 490
59 412
25 422
84 484
86 440
67 467
10 450
32 465
25 420
43 421
14 434
91 478
15 494
32 466
47 415
27 460
69 406
77 400
3 487
73 470
22 432
84 427
15 480
61 443
79 495
53 428
83 439
1 473
95 406
3 491
80 499
30 496
44 442
97 404
73 456
29 485
88 446
54 413
23 432
59 435
13 493
33 471
1 413
67 421
46 447
47 481
41 465
6 462
55 460
84 484
13 424
22 444
29 448
65 453
39 418
16 406
59 410
89 469
25 475
52 426
83 437
67 444
97 497
21 431
91 426
41 423
26 405
6 472
96 440
41 466
62 434
70 427
94 442
19 471
6 460
5 463
98 424
40 413
45 467
57 443
83 435
74 466
81 494
58 468
53 420
42 465
84 456
15 443
5 417
100 412
24 422
30 421
59 424
78 476
8 459
15 481
75 478
26 476
1 499
6 469
41 454
99 481
29 412
29 409
61 463
76 457
56 496
15 455
15 418
97 480
74 441
87 433
87 485
72 478
78 480
66 423
83 405
77 475
46 442
13 450
100 473
90 422
1 430
35 402
93 420
81 493
55 461
81 432
56 415
29 451
60 477
37 449
75 437
48 495
46 439
18 470
84 405
96 450
59 456
84 465
29 407
17 481
60 419
61 450
90 424
81 468
60 482
44 439
61 409
84 480
2 473
18 440
9 448
44 406
22 490
44 461
8 492
98 457
28 464
6 463
11 436
15 456
85 431
27 431
98 419
61 494
48 469
71 444
21 495
91 449
43 496
84 478
53 485
16 400
55 490
53 425
89 407
25 468
68 448
46 430
49 458
90 459
14 432
54 439
78 432
29 460
5 419
56 443
40 496
71 408
2 411
58 495
3 493
69 480
72 401
17 423
27 419
88 484
92 444
35 421
48 481
22 442
84 453
35 492
50 463
63 437
56 453
29 475
42 446
44 459
89 479
40 428
87 492
75 408
96 447
62 493
41 429
65 460
53 475
83 438
78 464
27 404
1 462
26 437
40 486
18 430
3 480
2 445
29 466
71 420
44 419
42 468
51 427
64 497
43 414
78 429
64 438
5 477
14 429
96 431
47 465
27 440
95 458
8 411
65 465
68 439
75 466
33 498
14 493
21 466
51 440
89 424
61 421
39 487
66 461
77 478
19 400
79 462
40 443
54 470
88 409
62 439
26 435
9 474
40 478
45 435
95 415
68 456
28 417
10 487
93 416
87 477
59 441
81 459
42 485
20 477
29 487
48 416
96 422
71 496
91 430
48 491
97 441
55 429
41 497
65 484
56 401
98 461
83 401
14 416
66 446
69 421
4 481
31 428
77 411
35 473
70 465
77 455
68 476
41 490
84 463
26 447
77 468
8 445
47 465
94 413
71 408
91 405
2 413
79 452
22 462
36 485
58 495
82 462
81 491
75 459
90 450
15 468
11 425
28 443
24 475
73 449
77 498
56 470
62 497
100 458
81 487
68 487
13 400
85 477
71 438
22 465
66 423
89 462
67 488
57 483
96 413
74 484
68 428
57 495
28 451
37 474
97 482
69 476
10 492
75 488
34 484
100 476
65 480
12 465
55 493
16 498
90 422
87 400
21 457
6 437
61 422
72 452
43 455
40 419
62 447
12 438
63 483
13 467
85 454
48 478
10 424
45 492
43 446
42 470
7 495
3 492
64 458
87 430
17 430
93 429
31 410
27 463
76 434
23 455
69 473
33 485
96 450
68 416
5 492
4 425
95 465
63 463
85 438
35 479
82 451
99 490
56 419
54 488
88 485
72 464
38 402
70 497
6 449
32 455
39 470
73 487
44 407
27 426
52 408
40 417
94 439
48 425
85 419
27 465
8 436
93 457
90 467
68 451
27 486
3 404
50 419
21 432
46 446
19 435
2 411
61 461
70 400
14 434
83 447
87 465
6 432
2 438
36 430
71 470
40 478
31 468
89 479
55 497
17 484
83 479
86 423
60 446
57 488
26 423
89 409
42 421
81 435
39 456
32 481
59 471
19 483
57 455
84 454
53 410
38 474
51 493
97 488
35 400
27 473
32 473
19 443
4 420
93 458
60 427
11 446
84 430
74 447
37 416
43 416
61 418
48 488
39 415
6 478
91 445
17 409
100 403
6 484
56 475
63 494
76 446
83 415
65 474
1 496
83 475
51 466
64 498
51 443
50 425
33 470
64 455
22 494
18 442
21 403
84 490
42 485
17 414
7 446
92 460
26 408
26 497
39 406
13 413
44 437
9 412
6 498
30 430
2 414
93 493
84 466
74 456
74 424
33 438
48 426
27 431
75 406
51 422
80 437
2 452
18 424
60 404
98 435
100 427
10 468
86 430
59 408
51 457
64 484
60 467
88 443
63 460
63 430
94 461
60 492
53 430
93 498
31 436
60 454
56 462
93 404
13 437
55 493
11 439
47 488
56 456
50 481
35 470
3 435
15 403
13 401
31 448
18 477
5 485
56 453
48 438
59 418
6 440
59 421
17 495
51 407
96 470
35 428
13 446
2 463
54 408
79 497
68 434
68 488
20 466
95 470
97 419
48 490
84 432
36 488
39 484
1 431
43 445
58 400
67 431
92 465
42 442
12 409
100 407
15 410
98 472
60 403
26 459
25 416
57 455
29 422
11 451
80 495
46 492
43 481
75 454
5 477
65 484
78 400
99 407
92 437
80 434
51 454
33 499
49 472
47 421
58 419
74 403
4 483
41 496
94 419
47 407
98 420
89 448
89 429
40 467
58 480
62 489
9 486
76 410
77 418
71 450
55 407
40 466
78 431
16 416
92 462
31 401
58 424
39 459
63 426
69 479
69 431
92 485
89 462
92 482
92 430
93 400
1 411
20 424
40 455
46 453
96 491
81 473
98 442
23 444
2 446
100 423
41 430
73 441
87 448
49 463
70 464
65 442
47 489
32 455
21 455
61 478
10 416
83 418
60 438
36 444
85 449
49 401
87 469
58 417
16 403
55 494
51 461
94 414
97 466
94 456
78 443
39 408
19 418
63 453
14 461
64 438
65 459
74 444
14 484
91 483
62 455
18 439
72 443
37 401
28 499
31 421
1 451
85 462
46 438
15 489
60 405
5 443
13 464
98 402
23 499
64 444
92 432
